SOAQAXR12A58A7AC18 146 23 6.3478260869565215
SOCUVKX12A6D4F8ED7 441 50 8.82
SODASIJ12A6D4F5D89 2371 531 4.465160075329567
SOKFDEW12A8C13F975 101 22 4.590909090909091
SOKZIJM12A6D4F97E2 59 13 4.538461538461538
SOLLFYG12A8C1396BD 121 28 4.321428571428571
SOMHTUR12A6D4F8764 866 173 5.005780346820809
SONGYMA12A6D4F8A32 430 78 5.512820512820513
SONIPQC12AB017B595 433 142 3.0492957746478875
SOPQNAF12A8C13C24E 85 26 3.269230769230769
SOQXBOK12A6D4F5C1C 193 47 4.1063829787234045
SORJNMJ12A8C13D994 450 139 3.237410071942446
SOTKJIZ12A6D4F733A 774 119 6.504201680672269
SOTMLOE12A8C133F15 1488 338 4.402366863905326
SOWPQPE12A6D4F433A 420 85 4.9411764705882355
SOAJAFJ12A58A7B75A 1330 284 4.683098591549296
SOFZVRZ12A8C1328B8 430 52 8.26923076923077
SOGLWGG12A6D4F8046 1761 463 3.8034557235421165
SOHTCVN12A8C134E46 2897 1241 2.3344077356970185
SOOOKQM12AAF3B4D0F 232 54 4.296296296296297
SOQDEGF12A8C13C592 755 183 4.1256830601092895
SOUTTSQ12A6D4F43FA 286 48 5.958333333333333
SOUWKRY12A6D4FB676 43 18 2.388888888888889
SOBAXAL12A6D4FA473 165 23 7.173913043478261
SOBIWWG12A81C21111 189 37 5.108108108108108
SODFNPU12A8C139974 423 116 3.646551724137931
SODITHX12A8AE46248 553 137 4.036496350364963
SOGPUZS12A8C1349C8 143 56 2.5535714285714284
SOWQFZB12A58A7997A 138 38 3.6315789473684212
SOXDXIA12A6D4F3B76 153 37 4.135135135135135
SOZHRXQ12A8C136EC4 617 114 5.412280701754386
SOBSKWD12A8C135EA6 203 27 7.518518518518518
SOCDINI12A6D4F7215 160 25 6.4
SOEQMYY12A6310F219 58 28 2.0714285714285716
SONEUEV12A8C14373B 415 102 4.068627450980392
SONLOGL12A67ADAB19 399 50 7.98
SOTWPXG12A8C142CF6 278 77 3.6103896103896105
SOXYOPC12A6D4FC1A6 69 28 2.4642857142857144
SOBAIKW12A6310FF58 154 48 3.2083333333333335
SODVZAP12A58A78517 107 23 4.6521739130434785
SOHFVJR12AF72A9805 925 239 3.8702928870292888
SOILOCK12AF72A0116 128 48 2.6666666666666665
SOIMDZL12A6D4F6EB1 33 12 2.75
SOKSLVO12AB01872CD 351 76 4.618421052631579
SOMNTMT12A8C1400F6 3465 584 5.933219178082192
SOOONKL12AB0187911 319 93 3.4301075268817205
SOPPTRY12AF72A8EB8 202 51 3.9607843137254903
SOPSENS12AB018F1BA 661 115 5.747826086956522
SOQGSUC12A8C13B66D 8713 1780 4.894943820224719
SOSWFXR12A8C1433E4 887 33 26.87878787878788
SOVFYAC12AAF3B27AC 303 88 3.4431818181818183
SOXBHCJ12A8C13BA43 346 59 5.864406779661017
SOYDETO12A6D4F6F7E 237 43 5.511627906976744
SOYEJKC12A8C136E3D 265 62 4.274193548387097
SOZPIUX12A6D4F84B8 242 46 5.260869565217392
SOCDDDO12AC4689F56 250 39 6.410256410256411
SOCHWPT12AB0184F15 1567 259 6.05019305019305
SODCNEE12A6310E037 1815 215 8.44186046511628
SODGZBS12A8C131429 65 23 2.8260869565217392
SOZGFYU12AB0186CF9 130 15 8.666666666666666
SODHKQB12A8C133B16 351 87 4.0344827586206895
SOGOIPS12A8C13C5D9 334 39 8.564102564102564
SOHJIZS12AAF3B17EA 359 75 4.786666666666667
SOHQXIK12A8135824B 164 34 4.823529411764706
SOJAFFL12A6D4F8F68 61 17 3.588235294117647
SOLOQJG12A81C20457 506 133 3.8045112781954886
SOPRMXL12AB0184524 155 27 5.7407407407407405
SOTWVWH12A81C1FE4E 135 31 4.354838709677419
SOURKWT12A81C217C1 24 12 2.0
SOVMGXI12AF72A80B0 933 253 3.6877470355731226
SOEIKRK12AB017D6E0 721 182 3.9615384615384617
SOFHAPC12A8AE48ED9 191 53 3.6037735849056602
SOGAUJB12A8C13BD05 587 125 4.696
SOVQGPA12AB017D8EF 351 79 4.443037974683544
SOCOLZI12A6D4F6D00 174 50 3.48
SOCZJGR12A6D4FC5C6 184 47 3.9148936170212765
SOHVDZM12A8C13AE07 309 58 5.327586206896552
SOJJRVI12A6D4FBE49 453 118 3.8389830508474576
SOJTJAU12A8C1395C4 870 199 4.371859296482412
SOLXZPE12A8AE47AFF 380 93 4.086021505376344
SONYGQM12A58A7C612 301 63 4.777777777777778
SOOIWMQ12A6D4F9AF5 532 108 4.925925925925926
SOPGYCQ12A6D4FB4DC 1807 387 4.669250645994832
SOQBVCL12AB0187D0B 602 95 6.336842105263158
SOTUQMP12A6D4F70D6 198 63 3.142857142857143
SOUNNWW12AB018795D 2099 641 3.2745709828393137
SOXHSLO12A6D4FCFF1 335 68 4.926470588235294
SOZQFIE12A8C14003C 67 15 4.466666666666667
SOCIHMS12A8C142CC7 1692 339 4.991150442477876
SODDKUO12A8C13233E 214 58 3.689655172413793
SOEIMLT12A6310F177 368 72 5.111111111111111
SOFVUDO12A58A7B163 197 25 7.88
SOIQUYO12A6D4F6640 121 37 3.27027027027027
SOLWELF12A67ADA569 120 31 3.870967741935484
SOMEBNF12A6310E8FD 442 86 5.1395348837209305
SOMPIUH12A8C139646 431 72 5.986111111111111
SOMWEKF12A6D4FB484 92 17 5.411764705882353
SOMYZPF12A8C13E795 327 61 5.360655737704918
SOOCVQG12AB0187AF4 292 49 5.959183673469388
SOOUDTH12A6D4F60A6 851 228 3.732456140350877
SOUPSHP12AB0181B1A 183 48 3.8125
SOVCOYG12AF72A065D 180 29 6.206896551724138
SOYWPMG12A6D4F901A 936 187 5.005347593582887
SOZEUQG12A6D4FA00C 81 29 2.793103448275862
SOEOVGV12AF72A1E27 727 138 5.268115942028985
SOHBHMN12A58A78CC5 130 33 3.9393939393939394
SOJCJMT12A8AE492E5 1238 250 4.952
SOLHTJY12A58A7AFE7 1113 214 5.200934579439252
SOPSAEJ12A58A7DA0F 400 115 3.4782608695652173
SOURADC12A6D4FAC83 268 63 4.253968253968254
SOXHSFO12A81C2065B 87 31 2.806451612903226
SOXKALX12A6D4F623B 497 132 3.765151515151515
SOBMNXE12A8C140F8A 721 177 4.073446327683616
SOCDOVE12AB01808DE 681 233 2.92274678111588
SODGDJL12AB017B925 167 31 5.387096774193548
SOHPCSX12A8C13F224 444 86 5.162790697674419
SOIKQFR12A6310F2A6 2434 316 7.7025316455696204
SOJNTIT12A6D4F88A9 951 144 6.604166666666667
SOKUJSV12A8C130282 241 33 7.303030303030303
SOMCHRF12A6D4FA1B7 787 150 5.246666666666667
SOTKTQG12A6BD5294E 424 79 5.367088607594937
SOZRCKP12A6D4F98F2 235 54 4.351851851851852
SOBJVMJ12AAF3B315C 362 53 6.830188679245283
SODXKHS12A8C13EBB6 256 57 4.491228070175438
SOIBCIC12A58A7B55B 1569 395 3.972151898734177
SOKHQPR12A67ADD3DA 311 82 3.792682926829268
SOLQKXX12AB018C8AC 140 25 5.6
SOMJBJL12AB0189861 484 116 4.172413793103448
SOMTZGQ12A67FFB3C2 327 86 3.802325581395349
SOQFYKY12A8AE46D00 62 25 2.48
SOQNZJU12AB018574E 335 48 6.979166666666667
SORRYYZ12A8C131B42 156 21 7.428571428571429
SOCZHUU12A6310DA5B 320 82 3.902439024390244
SODJPQA12A81C20609 121 28 4.321428571428571
SOHXMYD12A6D4FA80E 265 74 3.581081081081081
SOKPPTX12A58A7CA1E 241 44 5.4772727272727275
SOTCDVY12A6D4F7CF4 120 24 5.0
SOTONTT12AB01869BB 182 66 2.757575757575758
SOUHTWB12A8C13BA4D 431 106 4.066037735849057
SOUKAOJ12A6D4F7C91 705 171 4.12280701754386
SOXJCWC12A6D4FA800 333 43 7.744186046511628
SOXNNAE12A6D4F7BC1 419 81 5.172839506172839
SOYABSZ12A81C1FEAC 3057 1309 2.3353705118411
SOYKOSN12A8C141858 415 88 4.715909090909091
SOZIAAQ12A6D4F8B6A 160 38 4.2105263157894735
SOBBFWL12A8C140087 283 43 6.5813953488372094
SOJIPLZ12A6D4F6110 634 102 6.215686274509804
SOKYVVZ12A8C13CC1F 292 117 2.4957264957264957
SONRQQF12A8C1387BE 110 32 3.4375
SOOASTI12A8C14307D 166 33 5.03030303030303
SOOZWZF12A582913C6 215 54 3.9814814814814814
SOUGLCH12A8C140306 321 37 8.675675675675675
SOUIKSL12A6701D19A 434 89 4.876404494382022
SOCJNRV12A6D4F70B5 377 88 4.284090909090909
SOCUYKP12A8C13CDD0 365 91 4.010989010989011
SOEFTHE12A6D4FA79D 215 34 6.323529411764706
SOGEZLJ12A58A799E4 698 131 5.32824427480916
SOIDUKF12A8C13A7F8 554 63 8.793650793650794
SOLSWSG12A8C13894E 267 50 5.34
SOOENDM12A6D2281CB 694 131 5.297709923664122
SORUQDU12A6D4F94C9 239 59 4.0508474576271185
SOVWBYM12A6D4F8A22 9712 2292 4.237347294938918
SOVYYDC12A8AE466E3 832 145 5.7379310344827585
SOAQKDM12A67020E0D 162 67 2.417910447761194
SOFCPEE12A8C13D566 626 126 4.968253968253968
SOGVXGZ12A8C1333E3 229 105 2.1809523809523808
SOIBHOD12A58A7B5D7 392 81 4.839506172839506
SOITKRG12A6D4F834E 645 81 7.962962962962963
SOJNSLW12AB01838EC 241 70 3.442857142857143
SOKNMJE12A67AE0421 252 41 6.146341463414634
SOMTEGI12B34F1C789 55 15 3.6666666666666665
SOODQWW12A8C135E53 657 141 4.659574468085107
SOSIWPS12A58A7ED14 398 73 5.4520547945205475
SOVSQQE12A8C1327EF 330 75 4.4
SOXHIMB12A6D4F573F 143 44 3.25
SOYWENS12AB0180B01 629 110 5.718181818181818
SOBOSGD12A6D4F75C0 1154 176 6.556818181818182
SOBYSSP12AAF3B32CA 847 175 4.84
SOECZCB12AF72A9366 974 117 8.324786324786325
SOGTAPA12A81C220FA 120 29 4.137931034482759
SOINTXZ12AF729FB66 90 43 2.0930232558139537
SOMSQJL12A58A769EB 147 42 3.5
SOOABOY12AB0184AFB 251 58 4.327586206896552
SOOEPEG12A6D4FC7CA 243 69 3.5217391304347827
SOPFVWP12A6D4FC636 40 19 2.1052631578947367
SOUNZHU12A8AE47481 17528 4067 4.309810671256455
SOXMTCY12A67AD8139 354 73 4.8493150684931505
SOBIONB12AB0185862 381 75 5.08
SOEIYDP12A58A7DB82 584 100 5.84
SOIUUTM12AB01868F2 172 38 4.526315789473684
SOLXTWU12A8C13C4C2 186 36 5.166666666666667
SOQBPJO12A6D4F7A7A 708 130 5.446153846153846
SOTEIQB12A6702048D 195 24 8.125
SOTKVNF12A8C133D0D 190 47 4.042553191489362
SOUMMMX12A6D4F66D6 263 48 5.479166666666667
SOUVUHC12A67020E3B 876 207 4.231884057971015
SOAKZZS12AB018B67B 311 72 4.319444444444445
SOANOQW12A58A793D2 1533 83 18.46987951807229
SOCYJVE12A6D4FD477 282 44 6.409090909090909
SODWLZG12A8C1462FB 220 49 4.489795918367347
SOEAKIB12A8AE48D12 218 29 7.517241379310345
SOICWKH12AB0189AB4 287 42 6.833333333333333
SOKENKR12AB01828F7 998 168 5.940476190476191
SOLOFQJ12AB0184320 1000 256 3.90625
SOAESGK12A8C138488 270 74 3.6486486486486487
SOCEBPI12A58A7D08E 300 77 3.896103896103896
SOCPKTZ12A6D4F7C8C 140 33 4.242424242424242
SOFLAAC12A8AE47A56 1391 238 5.84453781512605
SOFQJOL12A8C134C74 230 49 4.6938775510204085
SOHCJMA12A8C13F05F 310 53 5.849056603773585
SOHCUCU12AB0189799 456 100 4.56
SOIVZJE12A8C13D9D8 261 55 4.745454545454545
SOLNCMB12AB01814F0 173 42 4.119047619047619
SOMGIYR12AB0187973 12092 3040 3.9776315789473684
SOOTDTY12A6D4F7C12 118 35 3.3714285714285714
SOUBEXV12AB01804A4 884 232 3.810344827586207
SOUOTLX12A6D4FA186 350 80 4.375
SOPKZHA12A58A7BC86 222 44 5.045454545454546
SORJJPD12A8C138F82 93 29 3.206896551724138
SOATUZY12A58A7E660 106 28 3.7857142857142856
SOGSDHY12AB017BF39 1478 122 12.114754098360656
SOKHSGE12A6D4FC436 68 25 2.72
SOLEHPJ12AB018B29F 88 25 3.52
SOMEFTJ12A6D4F8CAC 1041 254 4.0984251968503935
SOTGPCZ12A6D4FAEA5 231 77 3.0
SOUNDLS12AF72A0B3E 497 92 5.4021739130434785
SOXNSGR12AF72A1AA9 450 67 6.7164179104477615
SOYDCPY12A8C12FE52 360 79 4.556962025316456
SOAJDBZ12A6D4FA3C8 381 73 5.219178082191781
SOCBQLL12A81C23497 219 54 4.055555555555555
SOFRZVX12A8C1428AA 207 44 4.704545454545454
SOJRYIG12AB01835EF 66 26 2.5384615384615383
SOLXATJ12A8C13E471 278 44 6.318181818181818
SOOPMLH12A6D4F818E 304 67 4.537313432835821
SORXCIY12A8C13C4BF 13 10 1.3
SOTVZIB12A6D4F694A 1040 176 5.909090909090909
SOYCXGT12AF72A6DAF 145 34 4.264705882352941
SOAAFYH12A8C13717A 519 101 5.138613861386139
SOATSLL12AB017B862 116 38 3.0526315789473686
SOBEHXG12A8C138D22 410 76 5.394736842105263
SOBVQTB12AB01852E0 191 37 5.162162162162162
SOGEKGR12A6D4F81E8 1247 299 4.170568561872909
SOGZPSN12A8AE48A0C 137 48 2.8541666666666665
SOKFFGS12AB0184771 361 79 4.569620253164557
SONWGDQ12AF72A635F 332 70 4.742857142857143
SONZWDK12A6701F62B 2395 493 4.858012170385395
SORRKIP12A6D4F9EAD 57 28 2.0357142857142856
SOZAEQI12AF72A5116 50 11 4.545454545454546
SOAKZBT12A8C13790C 218 33 6.606060606060606
SOAPSFK12AC46890F8 332 81 4.098765432098766
SOBPHXV12A6D4F9FD0 693 201 3.4477611940298507
SOCLNOB12A8AE48670 516 62 8.32258064516129
SOGTQKI12A67ADC81F 394 67 5.880597014925373
SOIVTIS12AB018757B 211 69 3.0579710144927534
SONSRHZ12A8C13EA39 162 21 7.714285714285714
SORKMCT12A8C136ED7 298 58 5.137931034482759
SOUDBWL12A6D4F8155 1538 621 2.4766505636070852
SOUDSFV12A8C13D64D 275 53 5.188679245283019
SOYBMKQ12AAA15CF76 69 25 2.76
SOABXNE12A8C13B818 365 51 7.1568627450980395
SOAMWNO12A6D4FB5E9 212 47 4.51063829787234
SOCFHXV12AB018DB2A 113 28 4.035714285714286
SOHUMQX12A8C140AE0 168 37 4.54054054054054
SOIASJQ12AC468AF65 218 37 5.891891891891892
SOJHUGI12A8C138A66 201 59 3.406779661016949
SONVPTP12A6D4F7A34 1005 305 3.2950819672131146
SOPDRJZ12AF72A6CE5 243 62 3.9193548387096775
SOSJUVL12A6D4F86EF 255 50 5.1
SOTFJGS12AB017F577 804 204 3.9411764705882355
SOVHKJL12AB017E2B2 2138 384 5.567708333333333
SOGFDXO12A8C14065F 128 31 4.129032258064516
SOHGVLF12A8AE48B6B 562 91 6.175824175824176
SOIOGOA12AB017C1D6 104 28 3.7142857142857144
SOLWQQJ12A8C13A2BD 644 91 7.076923076923077
SONGFDK12A6310D899 331 70 4.728571428571429
SOOJTIL12A8C13B8B2 169 39 4.333333333333333
SOQZPBP12A6D4FD9EE 339 79 4.291139240506329
SOTIWNU12A58A7A0E7 160 31 5.161290322580645
SOWRERD12A6D4F8161 79 20 3.95
SOXAHUB12A8C13A7A9 174 56 3.107142857142857
SOBAPGM12AB0183DC5 393 34 11.558823529411764
SOBTJXA12A8C1434BF 228 27 8.444444444444445
SOFCXNF12A58A7CF16 396 85 4.658823529411765
SOISKOP12A6310E2B5 332 44 7.545454545454546
SOKEIFZ12AB01881C4 226 51 4.431372549019608
SOKXZOK12AB01815D5 588 88 6.681818181818182
SOOFHAF12AF72A90DA 90 31 2.903225806451613
SOQIHYY12AB0186216 269 53 5.0754716981132075
SOSVNOS12AB01831D7 165 48 3.4375
SOZJEVN12A8C139926 216 20 10.8
SOCFILE12A6D4F905F 232 44 5.2727272727272725
SOCHADN12A6310ED94 782 208 3.7596153846153846
SOCUBGU12A8AE46A30 223 68 3.2794117647058822
SOHOMYE12A8C143C11 221 34 6.5
SOKISLD12A67020926 272 34 8.0
SOLBUBX12AF72A0C88 342 60 5.7
SOLNJUS12A6D4F8BB1 156 41 3.8048780487804876
SOMITCV12A58A781E5 289 31 9.32258064516129
SOZAUIY12AB017B6A0 126 42 3.0
SOZCBWK12A58A7DFA5 796 94 8.46808510638298
SOZRIAR12A8AE457FD 339 46 7.369565217391305
SOAFDBF12AC468F139 152 37 4.108108108108108
SOBFRNE12A6D4F7995 12091 3065 3.9448613376835238
SOJLDWJ12A6D4F771F 228 58 3.9310344827586206
SOLBCZY12A8C14153D 87 24 3.625
SOMLWGM12A8C135229 169 28 6.035714285714286
SOTGIKV12AB0182176 294 76 3.8684210526315788
SOTOTQJ12A6D4F9A10 241 49 4.918367346938775
SOUAEHH12A8BED02CB 549 110 4.990909090909091
SOZZBDO12B0B80C5BA 105 21 5.0
SOBTJDV12A6D4FBE54 74 21 3.5238095238095237
SOIIGME12A6D4F9702 81 24 3.375
SOKRFEJ12AAF3B15AD 400 80 5.0
SOMQPKQ12A6D4FD250 253 26 9.73076923076923
SOMWNFO12A81C22359 199 47 4.23404255319149
SONEWAX12AB018DD3F 2900 1042 2.783109404990403
SOQRXUB12A6D4FD7D6 74 28 2.642857142857143
SORFEAL12A6D4FD2F4 116 18 6.444444444444445
SOVVMWG12A58A79EFB 186 40 4.65
SOWBESF12AF72AD9CF 1325 260 5.096153846153846
SOFBSOG12AAFF43EC2 182 46 3.9565217391304346
SOGICQH12A6D4F76AF 619 81 7.6419753086419755
SOJABWL12A6701F12B 168 37 4.54054054054054
SOLRVHB12A582A28FA 51 20 2.55
SOMLLRF12A6D4FAD9C 37 15 2.466666666666667
SORTFZX12A6D4FE6B3 51 22 2.3181818181818183
SOTXACG12A8C144082 498 81 6.148148148148148
SOYKEPO12A8C1407D9 218 60 3.6333333333333333
SOYVAFI12AB0180032 616 94 6.553191489361702
SOZVZSP12A6D4F6A99 453 133 3.406015037593985
SOBWZRT12A81C231DA 168 55 3.0545454545454547
SOCTMPN12A58A799E5 383 112 3.419642857142857
SOGZIOM12A8C14025D 546 77 7.090909090909091
SOJDBPT12A8C13B410 528 102 5.176470588235294
SOJIYQS12A8C1339F1 98 27 3.6296296296296298
SOOXLIG12AB0185803 3089 707 4.369165487977369
SOPVJNI12A81C219B9 912 173 5.271676300578035
SOTHCCQ12A81C20618 134 28 4.785714285714286
SOTXFZD12A6D4F73AF 636 148 4.297297297297297
SOFTFFK12AB01841C4 157 44 3.5681818181818183
SOHVRUU12AB017BA26 498 127 3.921259842519685
SOMGPJQ12A6D4F7592 655 53 12.358490566037736
SONPZCD12A58A7B2E7 167 36 4.638888888888889
SOOKHAJ12A58A7E737 225 52 4.326923076923077
SOOQHWP12A670208BF 184 34 5.411764705882353
SOAZRJG12A6D4F8A30 1173 189 6.2063492063492065
SOFNNJZ12A8C13F2A2 184 22 8.363636363636363
SOGUMOM12A8C13B897 182 44 4.136363636363637
SOHIWSV12A67020042 1603 351 4.566951566951567
SOIVEPZ12A58A7D654 447 71 6.295774647887324
SOMRAUN12A6D4F5224 293 70 4.185714285714286
SONENZV12A8C13F7C1 285 89 3.202247191011236
SOOFHDQ12AB018BA2A 145 27 5.37037037037037
SOPKYBQ12AB0183552 757 155 4.883870967741935
SOPOITQ12AB017CD5F 89 27 3.2962962962962963
SOVDGMO12A6D4F688D 225 42 5.357142857142857
SOVRBIA12AF72AA14C 268 73 3.671232876712329
SOWFAQF12AB0186708 138 50 2.76
SOWYQDH12A67AE0FAA 228 42 5.428571428571429
SOWYRXW12A8C1351CA 692 115 6.017391304347826
SOYJFKD12A8C1370FE 265 70 3.7857142857142856
SODMDQI12A8C139C26 489 111 4.405405405405405
SOJCQIU12AB017F0B0 447 108 4.138888888888889
SOLDVPD12AF729B92F 153 53 2.8867924528301887
SOMMQUW12A8C132C9D 43 12 3.5833333333333335
SONHJFG12A6D4F6968 105 16 6.5625
SOPHKCK12AB0182B2E 152 57 2.6666666666666665
SOZKKIM12A6D4F9328 208 75 2.7733333333333334
SOGRKAN12AB017F2E0 332 66 5.03030303030303
SOHUATK12AB017EB65 108 23 4.695652173913044
SOMGJAD12A8C13A9A6 283 63 4.492063492063492
SONEGWF12A8C133022 464 75 6.1866666666666665
SONRHCE12A8C145C4F 298 49 6.081632653061225
SORECRH12A58A7A76E 213 74 2.8783783783783785
SORHRZS12AB0185CC2 420 117 3.58974358974359
SOSMMZJ12A6D4FBF22 1127 204 5.5245098039215685
SOTVMGO12A8C139FB6 109 31 3.5161290322580645
SOWMRSY12A8C140AA3 235 73 3.219178082191781
SOZFCIZ12AB018199D 322 72 4.472222222222222
SOBHZES12A8C130DEC 148 35 4.228571428571429
SOCHPTV12A6BD53113 1180 256 4.609375
SODNIGB12A6D4FC2BA 126 20 6.3
SOFGTEF12AB0185FF9 468 67 6.985074626865671
SOFTHHP12A6D4F8B4E 608 83 7.325301204819277
SOIEWZJ12A679AE55A 317 50 6.34
SOISJAK12A8C142C4B 238 29 8.206896551724139
SOJDWBY12A8C13F6B2 78 29 2.689655172413793
SOSFVMG12A6D4F7D4E 179 40 4.475
SOSJMMC12A81C23722 1021 132 7.734848484848484
SOSLQAO12A6D4F98F5 178 60 2.966666666666667
SOBNSME12A6701E2FD 1561 323 4.8328173374613
SOGHRUZ12A8AE49A4D 985 172 5.726744186046512
SOMMONH12A6D4F41CD 9328 2291 4.07158446093409
SORZGGO12AF729C4DA 130 32 4.0625
SOSNSUE12A6D4F58F8 173 41 4.219512195121951
SOVAEBW12AB0182CE6 819 101 8.108910891089108
SOWNKOB12A6310E331 205 40 5.125
SOFNYRK12A8C1371AA 88 28 3.142857142857143
SOGWZFC12A58A778BF 116 32 3.625
SOHZMFE12A6D4FB412 1307 382 3.4214659685863875
SOILMAY12AB0182292 52 11 4.7272727272727275
SOKKPQZ12AB0180B8E 157 38 4.131578947368421
SONPMHH12A6701EA29 85 26 3.269230769230769
SOULUTB12A67020918 261 67 3.8955223880597014
SOXPAGX12AB01824A2 64 11 5.818181818181818
SOBDGJS12A8C1411FD 322 67 4.8059701492537314
SOCPIVV12A6D4F7B4C 518 83 6.240963855421687
SOKSREW12A6D4F926D 610 120 5.083333333333333
SOMLYJD12A58A7B155 4146 768 5.3984375
SOQJJUV12AF72A3D3F 384 58 6.620689655172414
SOTQEWT12A6D4F7D2A 475 98 4.846938775510204
SOUFIEH12A8C13A8D1 810 166 4.879518072289157
SOWAHLO12A8C13BB33 446 109 4.091743119266055
SOBSUVM12A8C13F7BC 40 16 2.5
SOCJBOJ12A8C142D05 179 45 3.977777777777778
SODQPHU12AB0182672 264 58 4.551724137931035
SOEELNH12A6D4F6522 297 55 5.4
SOJZTOF12AB018173E 264 42 6.285714285714286
SOMDSWU12A6D4F7F81 403 113 3.566371681415929
SONGIPI12A8AE46162 1484 295 5.030508474576271
SONMCDN12A8C141750 1290 269 4.795539033457249
SOPXJPQ12A58A7AAFF 220 45 4.888888888888889
SOSJSSU12A6D4F8F41 7581 1405 5.395729537366548
SOTUYMM12AAF3B336B 490 129 3.798449612403101
SOWFJWE12A8AE477AF 446 161 2.770186335403727
SOAUDET12A6D4F96B7 1015 179 5.670391061452514
SOFPXXK12A6D4FA1D9 907 155 5.851612903225806
SOFWUQE12A58A7BBE4 322 70 4.6
SOHHZKM12A6D4F70DA 1427 290 4.9206896551724135
SONSOGD12B0B8092E7 447 88 5.079545454545454
SOOPWIL12AF72A3A3F 144 33 4.363636363636363
SOPMVRA12AB01872D6 265 53 5.0
SOTWREV12A6D4F912E 461 125 3.688
SOXNPNZ12AB018E1D0 277 69 4.0144927536231885
SOYVGKN12A8C13797F 143 41 3.4878048780487805
SOAIWAB12A8C13710A 357 64 5.578125
SOBQFSF12AAF3B451F 196 44 4.454545454545454
SOCVPSQ12A8C140272 145 36 4.027777777777778
SODYWBD12A8C139845 1020 147 6.938775510204081
SODZXPD12A8C131682 248 32 7.75
SOGLHGM12AC960A21B 164 19 8.631578947368421
SOGQJQX12A6D4F7E5B 409 140 2.9214285714285713
SOKNNOL12A8C13C564 420 75 5.6
SOMZTMR12A8C14177C 544 135 4.029629629629629
SONWCPQ12A8C13E650 170 30 5.666666666666667
SONYIAE12A58A79185 130 30 4.333333333333333
SOQUNHE12A6D4F66A3 736 141 5.219858156028369
SOTCWRK12AB017E47D 2132 500 4.264
SOXKOIY12A8C13C1EA 1413 388 3.6417525773195876
SOYWTAM12A8C134D3F 226 57 3.9649122807017543
SOZCGCF12A67AE0DFA 127 42 3.0238095238095237
SOBONKR12A58A7A7E0 56401 5776 9.764716066481995
SOFJKKA12A6D4F7007 92 19 4.842105263157895
SOGUEPW12A6D4F7D86 268 46 5.826086956521739
SOLXJCW12A8C1408F4 213 49 4.346938775510204
SONGMUD12A58A7A8D6 84 20 4.2
SOOEQSA12AF729BE63 381 55 6.927272727272728
SOQWHFM12A8C138FF8 749 204 3.6715686274509802
SOTDXNO12AB0183695 139 22 6.318181818181818
SOUTILY12A6D4F6967 64 12 5.333333333333333
SODYLVD12AB0182BEE 250 60 4.166666666666667
SOEEYKC12A6701DE4E 244 60 4.066666666666666
SOGLKSX12AB018ADDA 109 29 3.7586206896551726
SOLXZIM12AB0186EEE 75 21 3.5714285714285716
SOMSKEO12B34F1C2FE 291 46 6.326086956521739
SONYTLI12AAF3B4C12 237 34 6.970588235294118
SORBCRG12A6D4F8440 506 131 3.8625954198473282
SOUPIYD12A6701DD0B 485 95 5.105263157894737
SOCSHSP12A58A764C5 56 24 2.3333333333333335
SOJDXLI12AF72ABB7E 350 77 4.545454545454546
SOMNDXJ12A6D4F8143 152 32 4.75
SOMSLSZ12AF72A3AE1 115 41 2.8048780487804876
SONAMGX12A8C13545C 488 108 4.518518518518518
SOVOBHS12A67AE0436 480 116 4.137931034482759
SOWGOUK12A8C136AA6 281 51 5.509803921568627
SOWTAVD12B0B8090C2 195 61 3.19672131147541
SOZTEZR12A8C14204B 92 38 2.4210526315789473
SOBYPJQ12A8AE49965 200 20 10.0
SOCCSES12AB017F676 406 72 5.638888888888889
SOCDJBI12A8C13E132 90 32 2.8125
SODOWVU12A6D4F7AD7 80 18 4.444444444444445
SOEHLKV12A582915A8 331 56 5.910714285714286
SOIMFOG12AB017D053 243 44 5.5227272727272725
SOJVSNL12AB0186052 275 50 5.5
SOWNIWL12AB017B720 1501 341 4.4017595307917885
SOWRMCR12A8C13BA98 1186 191 6.209424083769633
SOXWHJD12AB018606C 271 49 5.530612244897959
SODTPBM12A8C1339D7 280 42 6.666666666666667
SOEXAZO12AB0188018 345 37 9.324324324324325
SOFVXWZ12AB018199C 60 24 2.5
SOGXATX12A8C13AD09 454 107 4.242990654205608
SOJDIFO12A81C23BA0 251 50 5.02
SOLJUII12A8C132210 64 23 2.782608695652174
SORPAJB12AB0184D93 459 55 8.345454545454546
SOTFGMT12AB0182B39 141 53 2.660377358490566
SOWEDFP12A6D4F7D15 600 102 5.882352941176471
SOYRLND12AB018065C 590 59 10.0
SOCBSZW12AB01891C1 1142 149 7.6644295302013425
SOGXOJX12A8C131F33 250 41 6.097560975609756
SOMLQKQ12A6D4FB7BB 38 17 2.235294117647059
SOQRXGV12AB018204B 532 101 5.267326732673268
SORDILD12A6D4F862A 193 62 3.1129032258064515
SOWPRDO12A8BEEEB45 744 192 3.875
SOXAEDL12A58A7D7C3 104 31 3.3548387096774195
SOXFQVY12A58A7B456 287 81 3.54320987654321
SOXOBZN12AB017F2FC 126 33 3.8181818181818183
SOGKBUP12A8AE46251 213 46 4.630434782608695
SOHXUZG12A67ADAF26 285 59 4.830508474576271
SOJPMXY12A6D4FA44D 80 26 3.076923076923077
SOJSXJY12A8C13E32E 2590 188 13.77659574468085
SOJUVXX12AB017CD86 115 24 4.791666666666667
SOSLIKM12A8C132D36 118 33 3.5757575757575757
SOVIYKB12A6D4F936B 311 44 7.068181818181818
SOXBRKW12A8C142084 526 171 3.0760233918128654
SOXXGLL12AB018816F 57 16 3.5625
SOZYNFV12AB0186910 79 23 3.4347826086956523
SOANMWU12A6D4F9246 243 53 4.584905660377358
SOCNIFM12A8C13D73B 1326 207 6.405797101449275
SODHZSM12A58A7B5D9 534 88 6.068181818181818
SOEUHTG12AF729DFDA 100 30 3.3333333333333335
SOFZWTX12A8C138B1D 494 60 8.233333333333333
SOIYKFR12A6D4F6FC6 200 48 4.166666666666667
SOKYHYL12A8C13D79D 2741 430 6.374418604651162
SOLQNHQ12AB01876C0 140 24 5.833333333333333
SORMLZF12A8C143FFA 1016 211 4.815165876777251
SOUEUYT12A58A7DB62 556 106 5.245283018867925
SOUZBWJ12A81C20786 269 31 8.67741935483871
SOWEMAL12A8C13C964 108 20 5.4
SOWHSGK12A6D4FC429 543 56 9.696428571428571
SOAXDJU12A6D4F8B8B 157 54 2.9074074074074074
SOCPRSC12A8C13B758 259 56 4.625
SOCWQYO12A58A79FE8 131 38 3.4473684210526314
SOEXXMC12AB0185DF3 835 148 5.641891891891892
SOGDNAW12A6D4F6804 212 63 3.365079365079365
SOKNLRS12A6D4F88C6 173 47 3.6808510638297873
SOLKQSX12A81C22C26 132 36 3.6666666666666665
SOLVHIW12A8C13BA03 510 70 7.285714285714286
SOMUZNU12AB0189B5D 293 63 4.650793650793651
SOODRHW12A6310D8FF 448 103 4.349514563106796
SOOQPPL12AB017D2E3 448 107 4.186915887850467
SOPCUJU12AB01849C9 153 39 3.923076923076923
SOPEFDW12AF72A1709 753 126 5.976190476190476
SOSJLGH128A6A731D4 761 138 5.5144927536231885
SOVFUBL12A6D4FB9C4 319 51 6.254901960784314
SOBRXTB12AF729DCCC 182 35 5.2
SOCKJWI12AB018006A 273 71 3.8450704225352115
SOEOLGZ12A8C134706 1171 210 5.576190476190476
SOHYDID12A6D4F781C 554 149 3.7181208053691277
SOJQWUD12AB017DD5E 733 137 5.350364963503649
SOMZGMD12A8C133F5C 327 54 6.055555555555555
SOOVNRY12AC4687A73 406 71 5.71830985915493
SOPHQGD12AB018561A 149 23 6.478260869565218
SOPKFQB12A67ADBAD6 298 71 4.197183098591549
SOQQAAQ12A67ADE34D 2272 360 6.311111111111111
SOQQXKG12A6701C4D6 853 167 5.107784431137724
SORKJDN12A6701DB1E 196 40 4.9
SOTXMEN12A8AE46A2F 195 53 3.6792452830188678
SOWUTFF12A8C138AB2 1428 369 3.869918699186992
SOYVKLY12A6D4F7C54 199 38 5.2368421052631575
SOZNLBZ12A6D4F639E 1468 276 5.318840579710145
SOBYCXP12AF72A0F3C 224 46 4.869565217391305
SODPSYG12A8C145EBF 665 128 5.1953125
SOFZNFR12A8C1395E5 677 121 5.595041322314049
SOGYKBJ12AB017E69C 312 26 12.0
SOHFJGK12A6D4F5BC0 427 77 5.545454545454546
SOJFTWE12A8AE48F98 853 160 5.33125
SOMREOC12A8C13C150 31 12 2.5833333333333335
SONRPSU12A6D4FB11E 101 36 2.8055555555555554
SOOWHXW12A6D4F93C6 388 50 7.76
SOXQALX12AB0181468 144 54 2.6666666666666665
SOAKWFZ12A8C1389E7 380 114 3.3333333333333335
SOFRIRU12AB017E62D 670 169 3.964497041420118
SOKIYKQ12A8AE464FC 1030 196 5.255102040816326
SOLQKSP12A8C1358B0 207 19 10.894736842105264
SOLQMRL12A58A7BE80 215 49 4.387755102040816
SONEBAU12AB017F89C 317 73 4.342465753424658
SOOMGGT12AB01810FB 1054 204 5.166666666666667
SOXPOOA12AB017EB5D 312 45 6.933333333333334
SOBCXCW12A8C13BFDD 140 29 4.827586206896552
SOHJIDD12AB0183260 340 105 3.238095238095238
SOKSMZU12AB01867E9 848 203 4.177339901477833
SOLGDVJ12A6D4F67A6 155 33 4.696969696969697
SOMEUNQ12A81C1F8D0 90 22 4.090909090909091
SOOHWRZ12AC468BA59 1292 256 5.046875
SORLCSH12AC468AA19 72 20 3.6
SOTNTVK12A8C13C4CF 158 53 2.981132075471698
SOTVLHC12A6701EA31 1582 187 8.459893048128341
SOXHXQS12A8C13EB17 222 33 6.7272727272727275
SOZIREF12A8C13FF74 172 49 3.510204081632653
SOASLNT12A8C143BEB 116 37 3.135135135135135
SOBKTVL12A8C13C031 94 29 3.2413793103448274
SOEJSHI12A6D4F6674 578 75 7.706666666666667
SOGUCOM12A6D4F80D2 169 41 4.121951219512195
SOGYNZW12A8C1388A4 353 55 6.418181818181818
SOGYYXK12A8C13C2C4 219 46 4.760869565217392
SOKFZOO12A6D4FD67E 90 24 3.75
SOMLKZO12AB017F4AE 149 31 4.806451612903226
SOUKCHR12A6D4F965F 101 34 2.9705882352941178
SOJSCKJ12A8C1455E5 1074 213 5.042253521126761
SOMHKRF12AC3DF60C1 135 24 5.625
SORGKYQ12AB0181C87 146 35 4.171428571428572
SOUZRZK12A8C13FF59 538 89 6.044943820224719
SOVBGJV12A6701C53F 585 88 6.6477272727272725
SOVTIVK12A58A77D93 152 36 4.222222222222222
SOVVYFT12AB0182DFC 110 35 3.142857142857143
SOXUOOB12A6D4FCD1C 261 71 3.676056338028169
SOYECTU12A8C13FECC 286 54 5.296296296296297
SOYEPOJ12A58A7BAE0 212 57 3.719298245614035
SOZCTXZ12AB0182364 56 30 1.8666666666666667
SOZUQTN12A67ADD8AC 122 27 4.518518518518518
SOZUVYE12AB017CA2D 628 166 3.783132530120482
SOEHYJQ12A6D4F8058 853 147 5.802721088435374
SOHQBNE12A58A797DA 424 88 4.818181818181818
SOKOSPK12A8C13C088 1519 246 6.17479674796748
SONGEAP12AB01891CD 438 116 3.7758620689655173
SOPKTFQ12A67021600 217 59 3.6779661016949152
SOVPQLE12A6D4F9E5D 71 29 2.4482758620689653
SOZCFFJ12AB0181564 673 67 10.044776119402986
SOZMBXS12A6D4F84D5 376 88 4.2727272727272725
SOEPPEZ12AB01831A2 52 11 4.7272727272727275
SOKRPTN12AB0187746 49 19 2.5789473684210527
SOLHYCY12A8C14118A 150 41 3.658536585365854
SONIKQT12A8AE475DF 372 68 5.470588235294118
SOQHOUQ12A6D4F8DA9 1080 194 5.56701030927835
SOTFJLZ12A8C136378 201 60 3.35
SOCGMIW12AB018030A 469 99 4.737373737373737
SOCPJGO12AB017DD6C 195 63 3.0952380952380953
SOFKMNV12A8C138EE2 48 17 2.823529411764706
SOGETEU12A8C1410AA 553 157 3.522292993630573
SOHFGKG12A6701C429 2359 390 6.0487179487179485
SOHRVMG12A6701D226 180 49 3.673469387755102
SOIKPEL12A6D4FAEE1 242 45 5.377777777777778
SOKZEGL12AB0187199 118 23 5.130434782608695
SOMPPAS12A8C13385B 519 98 5.295918367346939
SONGYFE12AB018562D 2148 364 5.9010989010989015
SOOBWQB12A81C1FCE0 85 25 3.4
SOPABZM12A6D4FC668 2567 603 4.257048092868988
SOPDAJH12A6D4F72C5 138 30 4.6
SOUSOKA12AB017D60C 224 17 13.176470588235293
SOHWTCP12A3F1EA9EB 167 58 2.8793103448275863
SOIKYAU12A8C134B6C 51 16 3.1875
SOKYPKN12A81C221CC 19 10 1.9
SOLWHOJ12A67020685 136 35 3.8857142857142857
SOMZWUW12A8C1400BC 251 50 5.02
SONKBOM12AC468D475 102 34 3.0
SONYEJG12AB0184882 212 29 7.310344827586207
SOOCURD12A81C21C23 115 44 2.6136363636363638
SOPOUWP12AB0189D25 813 168 4.839285714285714
SOQXRUN12AC4689E24 494 134 3.6865671641791047
SOUMSTF12A6D4F8039 458 72 6.361111111111111
SOUTMKU12A58A78365 486 68 7.147058823529412
SOVDSJC12A58A7A271 22090 3531 6.256018125177004
SOVMADB12A8C137B96 581 92 6.315217391304348
SOXNTCA12A6D4F7672 45 16 2.8125
SOBJJKU12A8C13B7F4 71 20 3.55
SOIWWCQ12AF72A524C 705 153 4.607843137254902
SOJUEFU12AC3DF97C2 1250 261 4.789272030651341
SOLVFTV12A8C1437A2 213 38 5.605263157894737
SOMEJEH12A6D4FD320 591 182 3.2472527472527473
SOOPLEF12AF729DD54 136 46 2.9565217391304346
SOQYZOY12A67ADE70F 511 60 8.516666666666667
SOVUMDZ12A8C13E621 352 87 4.045977011494253
SOXGUDE12A8C139BC9 97 23 4.217391304347826
SOBZZER12A6D4F7FA6 111 23 4.826086956521739
SODNHZE12A67021067 167 33 5.0606060606060606
SOQANUA12AAF3B4628 615 93 6.612903225806452
SORBHAK12A6D4FB36C 243 37 6.5675675675675675
SORWLJM12A6D4F9C0C 1392 310 4.490322580645161
SOSFMNA12A8C13ABEB 428 87 4.919540229885057
SOSPAZZ12A8AE47E8B 215 50 4.3
SOTLHUV12A6D4FC541 1767 283 6.243816254416961
SOTYGBJ12A6D4FD257 85 32 2.65625
SOYAEBR12AB01853D9 746 139 5.366906474820144
SOZILTV12AB018568D 70 15 4.666666666666667
SOFDZJT12A6D4F6952 135 46 2.9347826086956523
SOGBJDB12A6D4F42FD 356 67 5.313432835820896
SOGDCDH12A6D4F6C65 290 45 6.444444444444445
SOGFANM12AAA8C5066 279 60 4.65
SOHMOUJ12AB017E4AC 93 32 2.90625
SOSPSPH12AF72A72D9 1026 214 4.794392523364486
SOSXZRY12A8C1442F0 537 102 5.264705882352941
SOVYFQH12AB018226C 558 66 8.454545454545455
SOYMOZI12AB0184605 176 57 3.087719298245614
SOZGXYF12AB0185579 459 34 13.5
SOBKSGN12AB0184549 146 42 3.4761904761904763
SOFVZOQ12AB018146B 205 13 15.76923076923077
SOJJUKR12AB018509A 499 110 4.536363636363636
SOKJXXJ12A3F1EAF40 172 32 5.375
SOKWZFU12AF72A0AFB 225 53 4.245283018867925
SOLMGYY12A6D4F9ADD 540 106 5.09433962264151
SOPZZGL12AB0185FA4 319 56 5.696428571428571
SOQJYWS12A67AE0EC9 167 55 3.036363636363636
SOVLJKG12AB0185395 123 38 3.236842105263158
SOVUWOY12AB0181A03 37 17 2.176470588235294
SOYPWKK12A8C136494 1198 259 4.625482625482626
SOALYAV12A8C133DC2 136 33 4.121212121212121
SOMVZEF12A81C2222F 125 35 3.5714285714285716
SONPAHG12A8C13E130 209 42 4.976190476190476
SOPBIUR12A8C13FF6A 175 45 3.888888888888889
SOQDNFX12A8C144436 210 59 3.559322033898305
SOUHXGP12A8C13FDD3 693 132 5.25
SOVDUYI12A8C139EBE 311 47 6.617021276595745
SOBTRZD12A58A78352 131 33 3.9696969696969697
SOEVDEP12AB017C486 58 11 5.2727272727272725
SOKBRAQ12A6D4F8FEC 407 100 4.07
SOKRIMP12A6D4F5DA3 1789 357 5.011204481792717
SOOSJKP12AB01859E2 89 20 4.45
SOOVKNK12A6D4FAF8B 275 58 4.741379310344827
SORAJXX12A6D4F825F 209 63 3.3174603174603177
SOUWEJS12AB01868A4 1316 219 6.0091324200913245
SOGMOWB12A679AE595 68 25 2.72
SOJSZGV12A8C14385E 65 33 1.9696969696969697
SOLGEYS12A58A81B87 137 29 4.724137931034483
SOLHOML12A6D4F9977 199 36 5.527777777777778
SOOIFDD12A8C13C468 231 77 3.0
SOQHOZP12A58A7CEB1 238 77 3.090909090909091
SOSXQAY12A8AE48B67 655 124 5.282258064516129
SOVNVDU12AC95F087F 171 37 4.621621621621622
SOXZAWQ12A6D4F89FE 155 44 3.522727272727273
SOZFMHK12AAF3B35B1 390 82 4.7560975609756095
SOAYATB12A6701FD50 2190 489 4.478527607361963
SOEXOBH12A8AE45D9F 95 30 3.1666666666666665
SOMAKIT12A58A7E292 760 249 3.0522088353413657
SONIQAM12AB018545A 190 67 2.8358208955223883
SONPCAF12A81C21DE9 104 25 4.16
SOSPDRL12AB0181457 64 17 3.764705882352941
SOTIOJL12AB0184943 289 58 4.982758620689655
SOXTJOM12A6D4FC586 128 27 4.7407407407407405
SOYDHXP12AB01849D4 1395 240 5.8125
SOBFNRW12A6D4F7BCA 221 27 8.185185185185185
SOIALDY12A58A76D61 490 93 5.268817204301075
SOMEUED12A6701DBEA 1421 455 3.123076923076923
SOOEWFK12A8C141E20 211 30 7.033333333333333
SOUTPQD12A6D4F71D4 146 38 3.8421052631578947
SOVMBVK12AC4688318 242 52 4.653846153846154
SOWJGOD12AAF3B53AF 826 158 5.227848101265823
SOWQUWQ12A58A7B5BE 243 42 5.785714285714286
SOXYWRN12A8C13B7D2 290 63 4.603174603174603
SOZPRCF12A6D4F8206 75 18 4.166666666666667
SOZWBVE12AAF3B515C 128 39 3.282051282051282
SOCIPFM12A8C130DDB 314 39 8.051282051282051
SOGAGAT12A6D4FAF3D 1482 274 5.408759124087592
SOGMAVD12A6D4F490C 392 82 4.780487804878049
SOOEGCA12A6D4F8B80 2220 267 8.314606741573034
SOWXJZL12AB017DBF1 148 27 5.481481481481482
SOYLWEJ12A6D4FB865 60 25 2.4
SOZVVRE12A8C143150 12136 2369 5.122836639932461
SOBBGTM12A6D4F6199 657 150 4.38
SOCUYEH12A58A7AA8A 222 50 4.44
SOCWIJA12AB017FA92 431 83 5.192771084337349
SOJHLCO12AB0185422 174 35 4.9714285714285715
SOJLDIQ12A58A7E506 97 26 3.730769230769231
SOJVRHN12A67ADE7DF 59 29 2.0344827586206895
SOKUBOH12A8C131BD1 811 230 3.526086956521739
SONENUZ12A8C14230C 805 80 10.0625
SOUZVNU12A67ADAB98 283 42 6.738095238095238
SODVBSW12A58A80F06 171 40 4.275
SODXMAY12AB018A399 76 18 4.222222222222222
SOGIABD12A6D4F6F98 332 60 5.533333333333333
SOKMPBE12A58A7C3B4 155 38 4.078947368421052
SOLAWKK12A81C2367A 121 51 2.372549019607843
SOOBLXH12A81C21756 208 40 5.2
SOQEHDN12A81C216A7 140 28 5.0
SOTJCCK12A58A7C1C8 55 21 2.619047619047619
SOVOGCY12A67AE17C9 216 51 4.235294117647059
SOXNLQG12A8C141604 91 45 2.022222222222222
SOXUQNR12AF72A69D6 524 69 7.594202898550725
SOAREWP12A8C132F0F 233 64 3.640625
SOBWRTW12AB018825D 349 88 3.965909090909091
SODRXXV12A8AE47245 318 47 6.76595744680851
SOKAQBY12AB0185614 1460 340 4.294117647058823
SOMAOJJ12A8C1373E2 86 21 4.095238095238095
SONGPEA12AB0181192 95 25 3.8
SOBDKVR12A8C13E705 254 28 9.071428571428571
SOEKNHF12A3F1E9B8E 65 27 2.4074074074074074
SOHBXAS12AB01892D3 159 41 3.8780487804878048
SOHXWUX12AB01821DC 530 169 3.136094674556213
SOJJMAQ12A6D4F6833 184 45 4.088888888888889
SOJWLLS12A6BD5315F 203 59 3.440677966101695
SOVDMAN12A8C13C520 135 34 3.9705882352941178
SOYEYNW12AB017F385 192 56 3.4285714285714284
SOARTRF12AB0181F4D 631 152 4.151315789473684
SOBAKDJ12A8C13E557 271 66 4.106060606060606
SOCDDVZ12A8C1326E9 365 49 7.448979591836735
SOERSBA12A6D4F9823 878 127 6.913385826771654
SOIBUWO12A8AE48AC4 241 67 3.5970149253731343
SOJSRFH12AB018916A 122 28 4.357142857142857
SOKJNHT12A6D4F8858 68 18 3.7777777777777777
SOMSOXH12A67ADD011 529 95 5.568421052631579
SONETQG12AF72A16FF 1854 397 4.670025188916877
SOURSOL12AB01826A9 138 47 2.9361702127659575
SOVQSQZ12A8C13F960 577 91 6.34065934065934
SODPDWG12A6701F950 265 49 5.408163265306122
SOEXCZJ12A8C138919 169 36 4.694444444444445
SOIBLLT12A58A7BA40 162 41 3.951219512195122
SOIVUAR12A6D4F45F3 366 66 5.545454545454546
SOIZQBO12A6D4F6356 100 36 2.7777777777777777
SOMJYYH12A67020C64 80 25 3.2
SONHGGH12A8C142B99 75 22 3.409090909090909
SONOGLO12A6D4F824C 240 43 5.5813953488372094
SOOZQNS12A8C13B646 216 58 3.7241379310344827
SOPYRES12A6D4F5DD0 370 55 6.7272727272727275
SOURSIU12A8C140B9A 935 113 8.274336283185841
SOWFAEL12A8C13F43D 29 15 1.9333333333333333
SOYNXES12A8C133A4F 211 39 5.410256410256411
SOAWFST12AF72A12DF 141 20 7.05
SOCSCRC12AB017C60C 577 85 6.788235294117647
SODTUUD12AB017EA8B 123 37 3.324324324324324
SOHKZSM12A8C13E5D5 1569 272 5.768382352941177
SOLRJXU12AB018BB55 163 58 2.810344827586207
SOONRET12A6701FC57 102 29 3.5172413793103448
SOQQQMM12A6310DFCC 1664 291 5.718213058419244
SOVFHAQ12A8C13BAA9 1009 166 6.078313253012048
SOVODOL12AB01805D5 395 101 3.910891089108911
SOVXSZO12A8C13FD2C 196 58 3.3793103448275863
SOWFCYW12A58A79ED6 108 38 2.8421052631578947
SOXVFEY12A6D4F7B25 317 65 4.876923076923077
SOCFRBD12A6D4F752E 308 50 6.16
SODWLOQ12AB017EC73 242 60 4.033333333333333
SOGIFFP12A6701BF53 157 31 5.064516129032258
SOMBAVX12AF72AC99C 812 228 3.56140350877193
SONIIYT12A58A7E0AF 510 137 3.7226277372262775
SOWHYSP12A8C142A21 787 174 4.522988505747127
SOWKXQS12A8C1343A6 1142 261 4.375478927203065
SOZAFEL12AB0187CD5 102 31 3.2903225806451615
SOZGGXU12A67ADD3E4 478 39 12.256410256410257
SOZMSLR12A6701FDA7 67 14 4.785714285714286
SOAJFLK12A6D4FB536 317 85 3.7294117647058824
SOGKQRK12A58A7F082 183 57 3.210526315789474
SOGLRAT12A6D4FC502 350 85 4.117647058823529
SOJMQRQ12AB01848A5 126 44 2.8636363636363638
SOOTZLZ12A67ADE66C 546 102 5.352941176470588
SOPSOHT12A67AE0235 16801 3291 5.105135217259192
SOQHKIC12A8C138AA6 141 21 6.714285714285714
SOVACDI12AB0183892 150 42 3.5714285714285716
SOVEDEE12A6D4F5783 273 30 9.1
SOXYRUW12AC468B774 81 23 3.5217391304347827
SOCYNBY12A6D4F8712 122 38 3.210526315789474
SODHOQC12AB018247D 391 52 7.519230769230769
SOGNVXA12A8C14373F 489 90 5.433333333333334
SOHTMRO12A6D4F8B08 129 34 3.7941176470588234
SOJGUSJ12A8C1363A2 743 154 4.824675324675325
SOTEFAP12AB01844B9 187 35 5.3428571428571425
SOURDOP12A58A7EF02 303 84 3.607142857142857
SOWWXRG12AF72A6680 161 46 3.5
SOALKBV12A6D4F6EE2 520 137 3.795620437956204
SOAVGOD12A6D4F7783 683 147 4.64625850340136
SOAWMKQ12A8C13C340 81 27 3.0
SOKOANP12A81C235A1 77 24 3.2083333333333335
SOKZRDM12A58A7F99C 897 127 7.062992125984252
SOOMUUY12A58A7B0EA 575 154 3.7337662337662336
SOPQGDG12AB018200B 426 76 5.605263157894737
SORCTZI12A6D4F7B13 443 112 3.955357142857143
SORYMDH12A58A7F8E0 146 30 4.866666666666666
SOSQMKE12AB018A380 79 27 2.925925925925926
SOTCMDJ12A6D4F8528 21094 4076 5.175171736997056
SOWUPBS12A8AE476BE 98 33 2.9696969696969697
SOXIHJJ12A8C144092 150 36 4.166666666666667
SOBYHXK12A58A77D7A 306 46 6.6521739130434785
SOEAYEY12A6D4F913B 47 17 2.764705882352941
SOHYWBB12A6D4F82CF 134 31 4.32258064516129
SOIDMQZ12A58A7D6BF 424 68 6.235294117647059
SOJUFBJ12A81C20A65 44 14 3.142857142857143
SOKDPMJ12A8C130578 815 60 13.583333333333334
SOMOANH12A6D4F7A56 158 32 4.9375
SOOIVGQ12A67020496 87 31 2.806451612903226
SOPNMLL12AB018775A 561 117 4.794871794871795
SOPYZGJ12A8C13D515 310 88 3.522727272727273
SOUSJFU12AB018460D 49 14 3.5
SOVKMDH12AB018AA60 84 33 2.5454545454545454
SOJKDQL12A6701EAF3 81 28 2.892857142857143
SORELXZ12A8C13892F 206 41 5.024390243902439
SOSOYDG12A8C13A70D 177 23 7.695652173913044
SOTHHRK12A6D4F719D 274 60 4.566666666666666
SOUXMUL12A6D4FBD08 228 55 4.1454545454545455
SOVJHPQ12A8C1328E0 103 30 3.433333333333333
SOXQBCW12AB018704A 271 38 7.131578947368421
SOXSUQZ12A8C14267D 93 24 3.875
SOYILTZ12A6D4F88A0 238 53 4.490566037735849
SOCUDQZ12AB01834A0 360 72 5.0
SODNENZ12A58A79DA2 255 79 3.2278481012658227
SOENMEA12A8AE4881A 145 49 2.9591836734693877
SOEQRGU12AAF3B2A0C 156 26 6.0
SOEZYNT12A8C13A290 156 45 3.466666666666667
SOIVVCU12AB017E7D3 174 34 5.117647058823529
SOVMOPY12A8AE45F65 542 84 6.4523809523809526
SOWGJTU12AB017FEF6 289 52 5.5576923076923075
SOEGIYH12A6D4FC0E3 35794 5473 6.54010597478531
SOHYXAX12AB0188403 193 33 5.848484848484849
SOPRVRS12AB0183966 265 54 4.907407407407407
SOQGQSM12A6310E27D 192 46 4.173913043478261
SOUNJIO12AB0181339 18115 3980 4.551507537688442
SOWDNAY12A8C1354A4 326 65 5.015384615384615
SOXQIUR12A8AE4654A 864 92 9.391304347826088
SOZZLTY12A67AE0AD0 176 39 4.512820512820513
SOAGNIK12AB017D37C 433 58 7.4655172413793105
SOAHPZT12AB017DED6 130 38 3.4210526315789473
SOFLAPD12AB0188B62 181 56 3.232142857142857
SOKPCJJ12AB017D677 397 91 4.362637362637362
SOLZCIF12A67AE0DF1 792 233 3.3991416309012874
SOMXXUD12A6D4FC0B1 226 70 3.2285714285714286
SONEVJB12A8C13FCA7 256 35 7.314285714285714
SONVDBZ12A58A7A571 87 13 6.6923076923076925
SOPUCYA12A8C13A694 30242 5048 5.990887480190175
SOPVWGF12A8C13A0CF 319 85 3.7529411764705882
SOQEPOY12A58A7CEE9 1406 233 6.034334763948498
SOQZQNK12A81C1F9D0 1085 189 5.7407407407407405
SORJICW12A8C13640D 15133 2812 5.381578947368421
SOSBIVM12A58A7B7A0 63 25 2.52
SOWTLYJ12A8C13BC7C 739 138 5.355072463768116
SOWTYVO12AB0180BDA 895 240 3.7291666666666665
SOXAHKA12AF72A5A65 1891 362 5.223756906077348
SOYEOHX12A6D4FAAF0 241 69 3.4927536231884058
SOZYBTI12A8C141B18 137 60 2.283333333333333
SOBIPDF12A8C1360A2 225 64 3.515625
SODULEM12A6D4F8916 342 57 6.0
SOIBVVJ12A58A7BA53 88 25 3.52
SOOGNOZ12AAF3B2936 4438 703 6.312944523470839
SOWLXQT12A8C136E16 672 106 6.339622641509434
SOGFLUO12A6701ED16 656 133 4.932330827067669
SOGXSJZ12A8AE45AAD 433 92 4.706521739130435
SOHYAJD12A8AE47C36 858 199 4.311557788944723
SOOSIWM12A670202B9 547 116 4.7155172413793105
SOSDGUX12AB01802FE 925 229 4.039301310043668
SOSWLPN12A67AE0DFD 821 157 5.229299363057325
SOTTGNU12A67020491 254 78 3.2564102564102564
SOUFIYP12A6D4FB033 132 28 4.714285714285714
SOULFDM12A58A7D237 233 38 6.131578947368421
SOVHCDP12A6701F3B2 171 40 4.275
SOAIWCC12AC907107C 204 66 3.090909090909091
SOGABHS12A6D4F8A72 222 53 4.188679245283019
SOIHRJH12A6D4F8ABF 128 43 2.9767441860465116
SOLJWLP12AB0186514 193 35 5.514285714285714
SONGTTS12A6701E59A 958 247 3.8785425101214575
SOOKSKE12A8C144C04 75 20 3.75
SOSFKWY12AB01831C7 177 22 8.045454545454545
SOSTVKN12A8C13A2DF 370 107 3.457943925233645
SOTNCRW12A8C13BBA9 298 77 3.8701298701298703
SOWYTGO12A8A9D93F5 729 144 5.0625
SOCMLNJ12A8C13AEC8 164 35 4.685714285714286
SOCZKYZ12A8C13C748 630 149 4.228187919463087
SODCOYD12AB0189093 371 69 5.3768115942028984
SODGDUR12A6D4F97C4 67 16 4.1875
SOGGXNH12AB018D2AC 296 53 5.584905660377358
SOIUPMS12AB0187620 231 45 5.133333333333334
SOJDXSK12AB0184604 63 25 2.52
SOPVCWI12A8C135F14 36 19 1.894736842105263
SOUVIUP12A6D4F7682 85 28 3.0357142857142856
SOVDFHR12A6D4F8A28 236 41 5.7560975609756095
SOZZRTS12A6D4F9B1B 94 21 4.476190476190476
SOAZZRU12AB0182B0E 1601 250 6.404
SOBJKAC12AB017E1DC 238 78 3.051282051282051
SOBVYNO12A8C140601 360 71 5.070422535211268
SOCNLEI12A67021565 2216 453 4.891832229580574
SODAYSB12AB0180406 334 85 3.929411764705882
SOFGWPQ12A8C131BB8 308 53 5.811320754716981
SOHMTUC12A58A799D4 151 45 3.3555555555555556
SOLWZWX12A8C139CD3 127 45 2.8222222222222224
SORTDVT12A8AE46092 385 101 3.8118811881188117
SOWSPUS12AC468BEE3 2509 404 6.21039603960396
SOWVYSX12A6701E9DA 60 26 2.3076923076923075
SOBSGZI12A8C13F8DF 961 158 6.082278481012659
SOCRWTG12A8AE47DCA 303 73 4.1506849315068495
SOGRAGY12A6D4F7248 1820 360 5.055555555555555
SOHYLXU12A8C139492 1978 394 5.020304568527918
SOJRJUA12A8AE48F78 235 66 3.5606060606060606
SOLQFBS12AF729BCCA 551 154 3.5779220779220777
SOQKWEY12A58A7B323 384 92 4.173913043478261
SOQVLID12A6D4FB11A 157 39 4.0256410256410255
SOUOMNX12A8C139005 95 37 2.5675675675675675
SOWBYMO12A8C13B7A5 159 39 4.076923076923077
SOAPUFN12AB017FF03 29 16 1.8125
SOBPNGU12A6D4F76F5 357 46 7.760869565217392
SOHGEAV12A81C22D02 87 18 4.833333333333333
SOHPNUP12A8C1431B4 743 159 4.672955974842767
SOKWYIS12A6D4F90BA 175 46 3.8043478260869565
SOSOTRB12A67AD827B 153 31 4.935483870967742
SOSXPAM12A8C145A3E 133 40 3.325
SOXAAFS12A8C14041D 1360 282 4.822695035460993
SOERPRE12A58A7E653 1205 110 10.954545454545455
SOESNDU12AB01856BA 225 55 4.090909090909091
SOETDYF12AC3DF976C 316 59 5.3559322033898304
SOGUEBY12AB0181E03 240 46 5.217391304347826
SOLVMUD12A8C13A7DD 63 29 2.1724137931034484
SOUAWVS12A6D4F606C 97 41 2.3658536585365852
SOWDABI12AB0187625 86 30 2.8666666666666667
SOFGIVB12A6D4F5923 1174 323 3.634674922600619
SOFPPNM12AB01852A3 217 75 2.8933333333333335
SOIOZPV12A58A7880B 1205 217 5.552995391705069
SOIPSCR12A8C143947 273 67 4.074626865671642
SONIKWY12AB01891D5 130 38 3.4210526315789473
SOVXMAI12AB0187A05 88 24 3.6666666666666665
SOXXSVC12A582A242D 488 40 12.2
SOAOAHZ12A8C13AAF1 1999 397 5.035264483627204
SOBPOHI128F57D02BF 782 152 5.144736842105263
SODOXQU12A8C139780 240 57 4.2105263157894735
SODZOAU12A6D4F935A 197 43 4.5813953488372094
SOEVJCY12A6D4F7711 341 73 4.671232876712328
SOMTWGG12A8C133C7A 182 42 4.333333333333333
SOTMAZH12A58A795FB 275 63 4.365079365079365
SOYDXIO12AB018343A 54 21 2.5714285714285716
SOZFGBY12A6D4FCEBB 108 26 4.153846153846154
SOAIQOC12AC90715CC 42 16 2.625
SOBHDCI12A8C136941 103 19 5.421052631578948
SOCHSJD12A6D4F926E 533 98 5.438775510204081
SOCZQCY12AC468E40F 186 55 3.381818181818182
SOFXZAW12A67ADC90E 453 118 3.8389830508474576
SOGBOQX12A8C139DF7 446 55 8.10909090909091
SOGWEOB12AB018A4D0 96 26 3.6923076923076925
SOKBEZD12A8151BA68 170 58 2.9310344827586206
SOKWGBI12A6310F1B8 1207 201 6.0049751243781095
SOMCBFH12A8C13C69D 141 33 4.2727272727272725
SOPRNYR12A67AD75FB 68 21 3.238095238095238
SOVABIW12A8C1341B9 375 80 4.6875
SOWJNCP12A8AE48534 251 64 3.921875
SOFISAN12AB017A43E 198 48 4.125
SOFSIOF12A6D4F841E 118 25 4.72
SOGHARK12A58A7D128 238 29 8.206896551724139
SONATRO12A8C132E31 75 19 3.9473684210526314
SOOSKQS12AB0182B7B 259 59 4.389830508474576
SOQXBZN12AB018610A 674 118 5.711864406779661
SORAJPJ12AB017E057 136 43 3.1627906976744184
SOYQLYQ12A6D4F72EA 479 71 6.746478873239437
SOCNAXX12AAF3B3823 272 56 4.857142857142857
SODZVMN12AC3DF81C6 211 67 3.1492537313432836
SOECNFX12A8C143CEA 804 173 4.6473988439306355
SOJNQZO12AF72AAE32 334 83 4.024096385542169
SOKNKJA12A8C13B72F 49 17 2.8823529411764706
SOMEPLF12A58A7C777 233 64 3.640625
SOMVUND12AB0184CFC 245 51 4.803921568627451
SOMXPSC12AB0189013 849 188 4.51595744680851
SOSMBNX12A6D4FBC78 377 46 8.195652173913043
SOSMQCB12A6D4F8155 692 130 5.323076923076923
SOTBQCY12A6D4F9E32 315 68 4.632352941176471
SOWNYGR12AB017C582 560 41 13.658536585365853
SOYBLYP12A58A79D32 532 76 7.0
SOZWJEP12A6310E1F5 140 44 3.1818181818181817
SOATSWY12A8C132818 114 26 4.384615384615385
SOCDAMA12A6D4FB5B6 316 34 9.294117647058824
SOIRUXQ12A8C133060 917 256 3.58203125
SONGJGI12AB01859E4 139 30 4.633333333333334
SOOHCLI12A6D4FBFE2 489 103 4.747572815533981
SOSMVOE12A6D4FD744 61 22 2.772727272727273
SOFOFLZ12A58A793C7 259 78 3.3205128205128207
SOJJRCE12AB018691C 305 46 6.630434782608695
SOKRFXB12A58A7A585 385 104 3.701923076923077
SOOKRGE12A6D4FACC4 211 35 6.0285714285714285
SOOWXAQ12AB0188996 1558 518 3.0077220077220077
SOQAJJF12A8C145199 582 140 4.1571428571428575
SOSVYJF12AB018D718 122 36 3.388888888888889
SOZIKLA12A8C134AE5 331 72 4.597222222222222
SOBHPPD12AB0186FEE 176 38 4.631578947368421
SODDWQK12A67AE01FE 177 22 8.045454545454545
SOJXKXC12A8C13E0FE 123 28 4.392857142857143
SONJXPP12A8AE48D26 902 137 6.583941605839416
SOPURQO12A8C13EC4C 238 46 5.173913043478261
SOQOTSB12A8135777F 148 43 3.441860465116279
SOUGOHW12AB018AEA3 1165 212 5.495283018867925
SOYQPNY12A6BD4D3C2 453 80 5.6625
SOALISX12AB017FDE8 408 80 5.1
SOANETN12A58A7CE24 79 27 2.925925925925926
SOBQISY12A67ADE6C1 39 13 3.0
SOCCDAW12A8C133D56 499 78 6.397435897435898
SOJUTYI12A8C13A1E6 161 44 3.659090909090909
SOMDVSL12A6D4F7230 2006 399 5.027568922305765
SONIGUJ12A8C13282A 287 64 4.484375
SOOHOAE12AF729D88B 1734 314 5.522292993630574
SOPXRNS12AB0186314 204 52 3.923076923076923
SOQQSJA12A6D4F8D57 21 5 4.2
SOSDVSH12A81356D41 1267 135 9.385185185185184
SOSXTUO12A6D4F916B 851 195 4.364102564102564
SOWEHOM12A6BD4E09E 17469 3881 4.501159494975521
SOFDHGD12A8C1384AE 134 48 2.7916666666666665
SOFNYQQ12A6D4F990B 158 23 6.869565217391305
SOIRBSX12A8C138459 166 41 4.048780487804878
SOJLBZX12AC468EEFA 271 62 4.370967741935484
SOJYISZ12A8C135F5A 1668 249 6.698795180722891
SOKYUMV12AB0183408 204 38 5.368421052631579
SOOKGVW12A6D4FA2BD 911 81 11.246913580246913
SOOMCXE12A8C140B66 203 55 3.690909090909091
SOOWJZM12A6D4F7995 118 32 3.6875
SOUBXHB12A81C231CC 377 77 4.896103896103896
SOULYQW12A8C13708E 465 104 4.471153846153846
SOUORPD12A8C13AE96 255 88 2.897727272727273
SOWMUWQ12AF729E1E7 90 23 3.9130434782608696
SOCWITY12A81C219BE 209 54 3.8703703703703702
SOESCPO12A8C133658 266 58 4.586206896551724
SOFPNOY12A8C134D40 693 97 7.144329896907217
SOJLHHK12A8C13CC07 191 34 5.617647058823529
SOJTLHC12A6D4F7FFE 447 93 4.806451612903226
SORBYJK12A6310DFA4 691 92 7.510869565217392
SORWBFK12AF72A4BA9 174 63 2.761904761904762
SOSKTXE12A8C1384B0 246 26 9.461538461538462
SOVTQLS12A6D4F8350 1526 287 5.317073170731708
SOWPABD12A8AE48ABB 237 69 3.4347826086956523
SOZPOZG12A6D4FA43F 380 103 3.6893203883495147
SOBYWVY12AB018C13A 55 19 2.8947368421052633
SOGOAGM12AB017E99E 477 113 4.221238938053097
SOOGAPF12A58A7AF90 62 26 2.3846153846153846
SOPVNSQ12A58A7C862 79 20 3.95
SOVXXJJ12AC4686528 483 74 6.527027027027027
SOWVVBG12A6BD506F2 282 70 4.0285714285714285
SOXCBEF12A8C146AFE 918 207 4.434782608695652
SOXQCTW12A58A7B159 222 55 4.036363636363636
SOXYIVW12A58A79989 344 90 3.8222222222222224
SOADQMO12A8C136FF9 573 64 8.953125
SODINCN12A8C133486 527 93 5.666666666666667
SOFQIDA12A8C134E75 228 69 3.3043478260869565
SOFSTPP12AAFF43630 631 77 8.194805194805195
SOHPWNC12A6D4F7C60 256 74 3.4594594594594597
SOHYHVD12AC468E498 314 76 4.131578947368421
SOJROPC12A6D4FBA2E 273 56 4.875
SOSSNAE12AB0186585 132 36 3.6666666666666665
SOTKRQZ12A670214A2 90 26 3.4615384615384617
SOWJFZU12AB0184719 143 39 3.6666666666666665
SOZNHLC12A8C1392E0 864 107 8.074766355140186
SOASTSF12A8C1420B5 1375 332 4.141566265060241
SOBADLL12A6D4F8FEA 463 127 3.645669291338583
SOBGFRV12A8C136A2C 97 34 2.8529411764705883
SOCRYUK12AC95F0772 237 56 4.232142857142857
SOEAUPV12A6D4F6956 134 21 6.380952380952381
SOEQABL12A6D4F992B 267 60 4.45
SOHSHPM12AB018AD86 71 18 3.9444444444444446
SOIRGKA12A8C13DDAE 29 10 2.9
SOJDPRJ12A58A7A568 410 67 6.119402985074627
SOLKHUQ12AAF3B2F00 74 16 4.625
SOLTHPK12A58A7A679 294 53 5.547169811320755
SOQBYQC12A8C143F2A 1041 163 6.386503067484663
SORXKRH12A8AE47CEF 200 53 3.7735849056603774
SOSWMGF12AF72A8FF1 233 89 2.6179775280898876
SOYRTVQ12AB018BD14 724 116 6.241379310344827
SOACBLB12AB01871C7 1824 80 22.8
SOBNUTV12A58A7AFE0 213 46 4.630434782608695
SODYZVS12A6D4F5E46 264 62 4.258064516129032
SOKZXYV12A8C134D23 169 36 4.694444444444445
SOMCYXR12AB01897B4 266 77 3.4545454545454546
SOOMOCL12A8C1334B2 498 84 5.928571428571429
SOQGRBL12AF72A781E 238 60 3.966666666666667
SOQQTBB12AB0182F1D 609 143 4.258741258741258
SOSYLXK12A8C13F738 139 34 4.088235294117647
SOYFLAW12AB018073C 63 20 3.15
SOZQASV12A6D4F87CB 302 83 3.63855421686747
SOBZEAC12A6D4F8C72 53 28 1.8928571428571428
SOGCGBA12AC3923C4F 355 54 6.574074074074074
SOGCQJS12A58A7E12C 67 17 3.9411764705882355
SOHICUL12A6D4FA526 239 62 3.8548387096774195
SOLIFTZ12AB017AFED 1696 346 4.901734104046243
SOQVHDB12A6D4FB145 160 45 3.5555555555555554
SOTHREZ12A58A77F2D 80 18 4.444444444444445
SOGWAXP12AB018267C 148 46 3.217391304347826
SOJPDQA12A6D4FA280 614 148 4.148648648648648
SOLGLUC12AB018A8FA 11022 2645 4.1671077504725895
SOLXEGO12A8C141830 144 44 3.272727272727273
SOMQSOC12A8C133BED 480 99 4.848484848484849
SOOLWCP12A6D4FB4EE 134 29 4.620689655172414
SOEUANM12A8AE47FD4 391 85 4.6
SOGBPMU12AB0188281 106 32 3.3125
SONLXHZ12AF729A980 237 44 5.386363636363637
SOOLDFH12A8C133405 460 24 19.166666666666668
SOPUHRM12A6D4F98CC 36 18 2.0
SOSAZWK12AC468D8C2 604 96 6.291666666666667
SOAOVVR12A8C134360 164 37 4.4324324324324325
SOAPBTS12AF729BFB8 137 69 1.9855072463768115
SOASWDH12A8C1325EE 721 84 8.583333333333334
SODBRAP12A6D4F91CF 169 24 7.041666666666667
SOEVEST12A6310D7D1 241 61 3.9508196721311477
SOFJIZM12A58A7F878 381 105 3.6285714285714286
SOIMTLU12A8C136EDD 67 25 2.68
SOMCAFM12A58A7B024 12512 3065 4.082218597063622
SOMGSOH12A58A7910D 132 15 8.8
SOUFWEW12AB0180EB7 1943 423 4.59338061465721
SOVIOSL12A6D4F6F68 315 43 7.325581395348837
SOXDRDR12AB0182FF3 283 93 3.043010752688172
SOYTJVV12A8C13B2DC 323 85 3.8
SOZFXMR12A8C13F137 233 46 5.065217391304348
SOBHPQK12A58A78E56 199 44 4.5227272727272725
SOFZSAT12AF72A0806 1395 281 4.9644128113879
SOHHJYE12A8AE47599 901 249 3.6184738955823295
SOISSYK12A6D4F78A8 654 124 5.274193548387097
SOJMPTQ12AB018872B 247 45 5.488888888888889
SOJOJUN12A8AE47E1D 1197 322 3.717391304347826
SORIWEH12A8C13D4A6 585 75 7.8
SORSHEE12AB0182D32 94 20 4.7
SOSJSMY12A6D4FB662 129 23 5.608695652173913
SOTGNIO12AB0184317 551 51 10.803921568627452
SOXAGPE12A6D4F9496 68 22 3.090909090909091
SOHZDYL12A8C141C73 418 135 3.096296296296296
SOKFFUI12A6D4F9CB1 180 27 6.666666666666667
SOKUEJO12A6701F6CC 858 166 5.168674698795181
SOMAKEB12A8C1322D2 408 94 4.340425531914893
SOMBSXE12AB0182E1C 134 31 4.32258064516129
SONKBBH12AF72A59FE 235 79 2.9746835443037973
SOONCUD12A8C1354CF 182 53 3.4339622641509435
SOPLNED12A6D4F8039 309 60 5.15
SOQCXSG12A8C13949F 874 186 4.698924731182796
SOQPKDF12A8C141FA4 212 63 3.365079365079365
SORUJYW12AB0182402 257 62 4.145161290322581
SOUUOXQ12AB018B792 221 71 3.112676056338028
SOWBCFF12A8C135719 110 31 3.5483870967741935
SOWEJJI12AF72A42EE 295 80 3.6875
SOZCXHW12A8C13AF62 501 56 8.946428571428571
SOZZHQT12AB018B714 874 175 4.994285714285715
SOCABHM12AB0189A44 197 28 7.035714285714286
SOCVYIB12A67AD9521 293 69 4.246376811594203
SODGUIH12A8C13449A 505 120 4.208333333333333
SOHGYWI12A67ADCD65 188 32 5.875
SOIOHVE12AB018CA91 285 31 9.193548387096774
SOLYGVD12A8C13D526 156 34 4.588235294117647
SOMTVRZ12A8C13A987 1622 300 5.406666666666666
SOPNQTO12AB0186247 104 17 6.117647058823529
SORVGOO12A8C142847 73 23 3.1739130434782608
SOVLJHG12A81C21AA0 782 204 3.8333333333333335
SOWHJOZ12A6D4F8614 231 57 4.052631578947368
SOWKKVL12A8C134D6B 1316 205 6.419512195121952
SOXDHNN12A6D4FC035 591 105 5.628571428571429
SOYZYIY12A67ADFA93 188 50 3.76
SOZJUSJ12A8C13C249 150 36 4.166666666666667
SOGTFWL12A6D4FB153 49 18 2.7222222222222223
SOKUFQT12A6D4F73A9 221 48 4.604166666666667
SOMPCHB12A8C13475B 347 70 4.957142857142857
SOQXLHM12A8C13CA11 75 21 3.5714285714285716
SOTOBXA12A8C13FC3A 105 25 4.2
SOVMEMU12AB0183A92 97 29 3.3448275862068964
SOBPQSZ12A6D4FACBB 762 174 4.379310344827586
SOEKPGE12A6D4FD5AE 241 46 5.239130434782608
SOKYPQN12AF72A1F53 223 59 3.7796610169491527
SOLYUAL12AB017DC5A 239 51 4.686274509803922
SONQEAO12A6D4F8CB3 148 22 6.7272727272727275
SOPHSKF12A6D4F7341 130 24 5.416666666666667
SOPYSYN12A58A7A4EB 154 36 4.277777777777778
SOQWDLS12A6D4F84CB 434 86 5.046511627906977
SOQYDBH12AB0181018 241 66 3.6515151515151514
SORHUJT12A8C13B85E 697 116 6.008620689655173
SOUIPBC12A8C142A1A 505 127 3.9763779527559056
SOZRYWL12A67ADD512 736 181 4.066298342541437
SOBZTDO12AB0185758 181 44 4.113636363636363
SOCHYMQ12A58A7C33C 159 45 3.533333333333333
SOEBPPM12AB0187E1C 157 42 3.738095238095238
SOEPRZM12A6D4F91D7 130 41 3.1707317073170733
SOGQANL12A6701E099 1067 154 6.928571428571429
SOGRTXS12AB017CCFC 247 37 6.675675675675675
SONKGZB12A58A7C26E 67 21 3.1904761904761907
SONMMKG12A6D4F4661 1522 310 4.909677419354839
SOPGFGG12A8C136E3A 337 61 5.524590163934426
SOQCFMU12A6310D7D8 71 22 3.227272727272727
SOQYBTP12A8C141F9E 308 76 4.052631578947368
SOXILJM12AB0184531 324 31 10.451612903225806
SOAAKPM12A58A77210 65 16 4.0625
SOAPLSG12A8C13FBBD 327 52 6.288461538461538
SOAWUML12A6D4F3FE1 128 33 3.878787878787879
SOBRJNF12A8C13B63D 634 166 3.819277108433735
SOGBGZF12A6D4F6925 383 60 6.383333333333334
SOJHQCA128CB806336 478 98 4.877551020408164
SOJJSWM12A6D4FA3CA 62 13 4.769230769230769
SOJRSDU12A58A7CB2A 226 39 5.794871794871795
SOKGLWL12AB01846C1 123 23 5.3478260869565215
SOKIPQH12AB0184609 110 25 4.4
SOMKXJL12AC3DF46BF 150 33 4.545454545454546
SONZLJF12A6D4FAEAD 391 59 6.627118644067797
SOTUARP12A8C13CB54 4456 1117 3.989256938227395
SOUYKII12A58A7B86C 249 76 3.276315789473684
SOVKPYR12A8C145C3E 609 85 7.1647058823529415
SOVKQYV12A8C141212 135 40 3.375
SOVSPCM12A67ADE7A8 454 70 6.485714285714286
SOYXWHT12A8AE45D7A 84 20 4.2
SOACMJJ12A6D4FC66A 316 57 5.543859649122807
SODAMRS12A8C142682 161 38 4.2368421052631575
SOFETST12AB018759C 399 113 3.5309734513274336
SOJZWSD12AB0180F33 71 32 2.21875
SOMMIXC12A6D4F9EF0 632 112 5.642857142857143
SOOMUTD12AB0186387 145 28 5.178571428571429
SOQZYQH12A8AE468E5 12646 3102 4.0767246937459705
SOXRXHD12A8C1415FC 281 68 4.132352941176471
SOXZOMB12AB017DA15 2228 569 3.9156414762741654
SOZKDEA12AB0183183 805 168 4.791666666666667
SOAZHRU12AB017FBB3 155 33 4.696969696969697
SOHWXEH12AB01821C2 79 33 2.393939393939394
SOIOZHO12AB017FE5E 2636 391 6.741687979539642
SOONOZO12AC3DF6CC4 762 148 5.148648648648648
SORIEEB12A58A7CB6E 257 66 3.893939393939394
SOTFATN12A6D4FA74D 282 62 4.548387096774194
SOVJMQZ12A8C142C5A 465 35 13.285714285714286
SOWEFXC12A6D4FA230 967 151 6.403973509933775
SODNAZG12A6701FDB6 146 24 6.083333333333333
SODNZXW12AB0183803 111 26 4.269230769230769
SOJEBJO12A6701C322 317 48 6.604166666666667
SOLXJTM12AB0182AC4 194 40 4.85
SOQDXRE12A8C13B62E 119 22 5.409090909090909
SOAUWYT12A81C206F1 51884 5817 8.919374247894103
SODFETU12AB01848F3 191 39 4.897435897435898
SOHYTES12AB017D997 271 67 4.044776119402985
SOMBGAL12AB0181F7F 2179 365 5.96986301369863
SOMBWJN12AB018A37A 174 23 7.565217391304348
SOSIMEH12A6D4FA5DE 111 32 3.46875
SOUONKG12A6D4F7302 196 37 5.297297297297297
SOVEDOZ12AB01873A1 1175 119 9.873949579831933
SOYDHRV12AB0182B37 185 47 3.9361702127659575
SODIPNG12A6D4F79B4 161 43 3.744186046511628
SODIQYP12AB01837D7 300 60 5.0
SOIEGWA12AAF3B3D2A 110 34 3.235294117647059
SOIZFTE12AB0186842 19981 3614 5.528776978417266
SOLUFLW12AB0185189 225 56 4.017857142857143
SOMBRZU12A8C13E6F9 115 20 5.75
SOSYJNW12A67AE1B92 222 52 4.269230769230769
SOWAROE12A58A7B759 176 34 5.176470588235294
SOWKBNB12A582A2325 766 110 6.963636363636364
SOZPMJT12AAF3B40D1 1376 119 11.563025210084033
SOARFGZ12AB017AFCD 534 114 4.684210526315789
SOAVHPR12A8C131F22 117 29 4.0344827586206895
SOBEZLE12A6D4F7D0A 308 55 5.6
SOBFUOC12A81C2176B 84 30 2.8
SOGJAVV12AB018A20D 82 25 3.28
SONHLJN12A81C2169B 1452 291 4.989690721649485
SONSHLY12A6701EB77 491 124 3.9596774193548385
SONZSJY12A6D4FE023 151 32 4.71875
SOPWCWP12A8C139FC6 419 52 8.057692307692308
SOVIZNF12AF72A710A 8250 1612 5.117866004962779
SOXGJVQ12A58A789A3 228 60 3.8
SOYYJMW12A6D4F8636 1020 327 3.1192660550458715
SOAMKOV12A81C21C44 1099 240 4.579166666666667
SOARAHC12A670206D2 154 38 4.052631578947368
SOHBDII12AC4689F9F 483 97 4.979381443298969
SOIGFML12AB017F3C7 467 102 4.578431372549019
SOJJMWV12A67AE0ACB 220 50 4.4
SOJLKYA12A58A7AB67 451 131 3.4427480916030535
SOLTAEJ12A8C13F793 559 80 6.9875
SOMGKBY12A8C133C03 184 56 3.2857142857142856
SOXSTRR12AB018DB42 224 50 4.48
SOYZLWW12AB0186148 1069 242 4.417355371900826
SOZGFID12A6D4FBA25 364 71 5.126760563380282
SOZVILY12AB01855ED 142 22 6.454545454545454
SODBYLL12A6D4FCE13 167 33 5.0606060606060606
SODLHAW12A8C135102 325 60 5.416666666666667
SOJTDUS12A6D4FBF0E 1176 178 6.606741573033708
SOQBUFQ12A6D4F7F4C 878 64 13.71875
SORENUH12AB0180C8D 324 55 5.890909090909091
SORFHOZ12A6701E129 501 57 8.789473684210526
SOTIXTZ12AF72A39AC 422 111 3.8018018018018016
SOVFPGO12AF72A048E 181 47 3.851063829787234
SOYSITI12AB018B67B 978 174 5.620689655172414
SOZJLPL12A6BD506BB 213 35 6.085714285714285
SOBRGFI12AB0183C36 95 27 3.5185185185185186
SODDFIK12A6D4F8A7F 355 86 4.127906976744186
SOGROWN12A6701C2EB 73 27 2.7037037037037037
SOICNKW12A8AE45B47 318 70 4.542857142857143
SOJVYIK12A67ADBACE 222 52 4.269230769230769
SOLCKBV12A8C13CEC1 380 79 4.810126582278481
SOQKGDF12A6310E8F6 331 90 3.6777777777777776
SORUQQW12A6D4F851B 323 56 5.767857142857143
SORVQLB12A8C131523 144 30 4.8
SOSMWMA12A6D4F7243 277 50 5.54
SOXBORF12A8C143DA8 156 29 5.379310344827586
SOGKPAS12A6D4F9907 45 15 3.0
SOIPBJM12A6D4F9996 206 21 9.80952380952381
SOKATHB12A58A7C8EF 97 33 2.9393939393939394
SOPCDUY12AB01867B2 111 28 3.9642857142857144
SOQXOWD12A6D4F957E 190 16 11.875
SOSFIVZ12AB018E2D5 77 20 3.85
SOXQZEU12A8C1429EA 72 19 3.789473684210526
SOYCNON12A6D4F78EA 167 32 5.21875
SOBMKJU12A6D4F7128 1450 257 5.642023346303502
SOCMLHI12A8C13A878 63 30 2.1
SOFBKCH12A6D4F87D4 129 30 4.3
SONJQNM12AC468D243 276 50 5.52
SOOAIAM12A58A7C3D2 76 24 3.1666666666666665
SOTADYG12AB0187A72 106 24 4.416666666666667
SOUDLVN12AAFF43658 14656 3191 4.5929175806957065
SOXTMXQ12A8C135A5D 137 34 4.029411764705882
SOXWTDX12A6701E141 447 115 3.8869565217391306
SOYXZGI12AB0180460 220 30 7.333333333333333
SOZCDWG12A6D4F81E1 12284 2987 4.11248744559759
SOBGCCI12A6D4F8411 385 91 4.230769230769231
SOEIJIX12A6D4FAF6E 1735 261 6.647509578544061
SOIAIVS12A8C137973 469 84 5.583333333333333
SOJLXFI12A6D4FD349 250 45 5.555555555555555
SOJQDYQ12AF72A30E5 157 51 3.0784313725490198
SOLEITP12A67AE13EE 483 92 5.25
SONOMFQ12A8C132AE3 141 38 3.710526315789474
SOTFSSW12A6D4FAF50 71 23 3.0869565217391304
SOUGYSM12AAF3B244C 142 43 3.302325581395349
SOVMWUC12A8C13750B 1305 201 6.492537313432836
SOZOQBO12A679C804F 167 34 4.911764705882353
SOEICOX12A58A7AB35 886 191 4.638743455497382
SOGLBFO12A8C13F6BE 193 46 4.195652173913044
SOHTKMO12AB01843B0 24173 4655 5.192910848549946
SOHXVOJ12A58A7CF0B 301 81 3.7160493827160495
SOJQZEA12AB017D6C6 245 50 4.9
SONWWPR12A6D4FB657 573 106 5.40566037735849
SOOXQEJ12AB0188883 387 95 4.073684210526316
SOPTPWD12A6D4FBD4E 1528 279 5.476702508960574
SOSMEYT12A6D4FE1CE 426 75 5.68
SOZQRSR12A6701E2F7 828 150 5.52
SOBLLDC12A81C213DF 137 39 3.5128205128205128
SODXXYB12AB0189FA6 514 60 8.566666666666666
SOGRKQK12A6310E81A 205 37 5.54054054054054
SOMBHWZ12A58A7D10C 318 57 5.578947368421052
SOOQJRQ12AB017B84B 166 42 3.9523809523809526
SOTVXKF12A6D4FA184 246 81 3.037037037037037
SOULLOA12A6701FC56 1152 250 4.608
SOWOQPD12A8C136EF6 166 40 4.15
SOWYMBO12A8C13CAEF 17 9 1.8888888888888888
SOBXRNA12AB01892D6 124 34 3.6470588235294117
SODQMDJ12A6D4FCD75 560 160 3.5
SOGYKVS12A67020EDD 799 168 4.755952380952381
SOJMYEY12A6D4FB3EB 861 135 6.377777777777778
SOKLBIB12AB018273D 194 52 3.730769230769231
SOKLSCP12AB0187D4D 97 30 3.2333333333333334
SOMQMFR12A8C137B1F 66 23 2.869565217391304
SOPBFHP12A8C131F30 2642 396 6.671717171717172
SOPUFLQ12A8C13B1A1 355 76 4.671052631578948
SOXCCPU12A58A7BF1E 1239 208 5.956730769230769
SOBRUVP12A6D4F9649 273 49 5.571428571428571
SOHZPHA12A8C13701F 517 109 4.743119266055046
SOJOZGX12A58A79AEC 87 36 2.4166666666666665
SOMNXKM12AB01838BB 156 31 5.032258064516129
SOMUOHU12A6310F273 564 110 5.127272727272727
SONWEHY12A58A796B5 747 123 6.073170731707317
SOQNZPF12AB01871CD 485 82 5.914634146341464
SORLCEE12A6D4F86AE 356 93 3.827956989247312
SOASBIM12A58A7B2DB 502 127 3.952755905511811
SOBCJST12A6D4F817C 114 30 3.8
SOESALW12A6D4F7BBD 367 74 4.95945945945946
SOEYGIR12A6701DC1E 310 79 3.9240506329113924
SOHUGUY12A6D4F859C 258 68 3.7941176470588234
SOJVZHE12B0B8065FC 172 46 3.739130434782609
SOJWZFH12A6D4F9B3E 203 30 6.766666666666667
SOOALAI12AF72AA613 61 25 2.44
SOOOXUM12AC4689723 280 55 5.090909090909091
SOPZBVQ12AF72A21E6 1351 206 6.558252427184466
SORGBIT12A6D4F7AC5 280 63 4.444444444444445
SORXEUZ12AC3DF6E3F 603 138 4.369565217391305
SOWVEAF12A81C2242D 699 124 5.637096774193548
SOBJDRT12A670205F8 421 110 3.827272727272727
SOCXKUT12A8C141AC0 235 46 5.108695652173913
SOGRGJO12A6D4F700E 816 134 6.08955223880597
SOKCXXE12A6D4F5A04 1885 262 7.194656488549619
SOLRZLK12AF72A3F6C 1423 234 6.081196581196581
SONFNZX12AB0185B5B 1209 224 5.397321428571429
SONHFZT12A6D4FAC47 219 54 4.055555555555555
SOQTTKJ12A6D4F9060 1288 296 4.351351351351352
SORTFPF12A81C2171A 855 124 6.895161290322581
SOXHHAO12A8C139833 480 147 3.2653061224489797
SOYBJDB12A58A7C928 349 71 4.915492957746479
SOBOMOX12AB017F9CF 197 43 4.5813953488372094
SOCJMUY12A58A7BCBF 76 15 5.066666666666666
SOEYBIN12AB018CD98 233 80 2.9125
SOHKVSH12AC9097408 239 30 7.966666666666667
SOMWFQP12A8C142DE3 170 43 3.953488372093023
SOOOZNM12A58A7B7E9 433 80 5.4125
SORBGAS12A6D4F89DC 1033 169 6.112426035502959
SOSJJWM12A6D4FB45C 546 63 8.666666666666666
SOVDBZF12A6D4FC00D 221 46 4.804347826086956
SOXDHSF12A6BD4D3BD 232 46 5.043478260869565
SOYFNQM12A8C14264B 736 158 4.658227848101266
SOZTYFG12A6D4F946B 618 112 5.517857142857143
SOIBSTB12A8C1322FC 130 35 3.7142857142857144
SOISHJN12A8C144301 681 106 6.4245283018867925
SOKNSJY12A8AE46E32 290 73 3.9726027397260273
SOQKDCK12A6D4FB6A9 93 16 5.8125
SOWDNGO12A6D4F94D6 184 45 4.088888888888889
SOWQRCR12A8C135EB5 192 58 3.310344827586207
SOAIVCH12AC468AAB1 306 93 3.2903225806451615
SODIAVI12A8C1408FA 173 38 4.552631578947368
SOLDJLX12A6D4F9A78 1296 292 4.438356164383562
SOMVQNP12A67ADE496 267 67 3.985074626865672
SONFZNP12A8C144A75 165 40 4.125
SOWQXHG12AB0189D1A 1290 300 4.3
SOBLLXY12A8C140136 428 108 3.962962962962963
SOFLOUP12A58A78897 223 89 2.50561797752809
SOIHGNU12A58A7AFD7 701 159 4.408805031446541
SOPBLAH12A8AE48F91 523 110 4.754545454545455
SOSAFRM12AF72A9768 125 19 6.578947368421052
SOSGBJB12A6D4FCDEC 1737 336 5.169642857142857
SOZJOYL12A6D4FC787 284 71 4.0
SOBYPMR12A6D4F84A2 396 55 7.2
SOFJNDP12A8C13AD02 188 51 3.6862745098039214
SOGBFOO12A6D4FC933 910 206 4.41747572815534
SOGOKKJ12AC4688B64 379 89 4.258426966292135
SOJKUXS12AB01877BE 136 36 3.7777777777777777
SOKDPNE12A8AE45E09 301 34 8.852941176470589
SOMORYX12B0B80908A 1199 292 4.1061643835616435
SOOHYKG12A8C13FEE3 174 43 4.046511627906977
SOPSAIO12A58A7AE45 155 30 5.166666666666667
SOQCMZT12A8C13EB7B 450 74 6.081081081081081
SOQWNHU12A8C135F71 92 34 2.7058823529411766
SOSKOUY12A58A7C860 360 90 4.0
SOAVAQE12AB017E3C2 372 64 5.8125
SOCNAXF12A6D4F9B34 5387 1551 3.47324306898775
SOCOIIG12A58A7D151 236 93 2.5376344086021505
SOELRWA12A8C142D0A 1017 124 8.201612903225806
SOIQHFN12A8C1417E8 77 24 3.2083333333333335
SOOMEMR12A58A78159 184 40 4.6
SOTXXBT12A6D4F6B25 365 121 3.0165289256198347
SOUUKAZ12A8C137589 170 33 5.151515151515151
SOVRMZU12AB017FE90 754 235 3.2085106382978723
SOWGCMN12A8C136E44 3079 1223 2.517579721995094
SOYTEAE12A58A7C1F4 145 40 3.625
SODRVTG12A8AE46169 345 63 5.476190476190476
SOINHRP12A8C1401FF 435 58 7.5
SOITMVZ12A6D4F9A9B 590 107 5.514018691588785
SOJYNZE12AF72AC894 620 73 8.493150684931507
SOLWVCL12A6D4FCA54 114 40 2.85
SOLZTYD12A8C143215 469 119 3.9411764705882355
SOMTKKX12A8C13DB85 226 47 4.808510638297872
SONYVJQ12A8C13DB65 686 96 7.145833333333333
SOQBMFK12A8C13835B 1776 626 2.8370607028753994
SORJHQQ12A8C12FD98 283 56 5.053571428571429
SOSGEGU12AB018188A 1092 184 5.934782608695652
SOSNSKM12A8C1382A1 803 140 5.735714285714286
SOUAGPQ12A8AE47B3A 222 42 5.285714285714286
SOWQRTM12A8C1422D4 244 60 4.066666666666666
SOXMOBC12A679AE570 284 35 8.114285714285714
SOADVCV12A8C13F15B 270 73 3.6986301369863015
SOAVFLR12A8C138576 1587 347 4.573487031700288
SOCBRSN12AAF3B30A6 277 51 5.431372549019608
SOCZDBN12A6701E4BA 199 44 4.5227272727272725
SOFXLRM12A8C138802 144 36 4.0
SOIKDCZ12A67ADD8DB 290 59 4.915254237288136
SOLVSQX12A8C135078 187 73 2.5616438356164384
SORMLRN12A8C1323C7 178 56 3.1785714285714284
SOZEBAZ12AF72A80C8 5355 1161 4.612403100775194
SOAIVIZ12AB017D684 116 21 5.523809523809524
SOBBZPM12AB017DF4B 251 63 3.984126984126984
SOGOFTS12AB018CF75 185 56 3.3035714285714284
SOGPLBE12A58A80442 201 56 3.5892857142857144
SOIBMQT12AB0181395 474 76 6.2368421052631575
SOIOEON12A6D4F92D7 77 32 2.40625
SOIUREE12AB01846ED 178 27 6.592592592592593
SOJZSWQ12A8C13BD47 548 89 6.157303370786517
SOKNZYY12AF72A82A2 568 138 4.115942028985507
SOLLOOL12AB017CE1E 337 86 3.9186046511627906
SONKCBC12A8C136B1F 152 52 2.923076923076923
SOOBNPH12A6D4F85A0 335 109 3.073394495412844
SOOSCPN12AB0186AF2 1329 315 4.219047619047619
SOPFVFY12A8C13CAD3 205 20 10.25
SOQKSAJ12A58A7B982 423 64 6.609375
SOROSRY12A6D4F7B64 196 52 3.769230769230769
SOSVAUK12A6D4F5FCB 241 69 3.4927536231884058
SOBYAHM12AB017DA3D 525 69 7.608695652173913
SOEAIVD12B34F33062 512 115 4.452173913043478
SOGZOIP12A6D4FB934 1275 332 3.8403614457831323
SOLNCTS12A8C1405EF 240 64 3.75
SONKOVP12AF72AC991 113 35 3.2285714285714286
SOWDVQT12AB017B454 358 72 4.972222222222222
SOEPKNW12A58A7CA15 222 46 4.826086956521739
SOHDKAD12A58A7A8EC 366 98 3.7346938775510203
SOPJGOG12A6D4F8329 82 23 3.5652173913043477
SOQAXMJ12A8AE4673D 393 81 4.851851851851852
SORMKFZ12A6D4F9395 990 202 4.900990099009901
SOSFVDJ12AB017D672 211 51 4.137254901960785
SOCELOG12A6D4FC1E5 203 76 2.6710526315789473
SOIXOQP12A8C137B16 96 30 3.2
SOKUWEX12AB0188EF4 75 31 2.4193548387096775
SOMESIV12A6D4FC6F2 1388 321 4.32398753894081
SOOMGKX12AB01856FF 136 34 4.0
SORHRZK12AB018187A 597 179 3.335195530726257
SOSJNOO12A6D4FA13A 163 36 4.527777777777778
SOTHFNO12A8AE4789B 92 19 4.842105263157895
SOYMRKJ12A6D4F97B5 211 39 5.410256410256411
SOYTDBL12A6D4F8148 1583 358 4.421787709497207
SOZQDYJ12AC468D9B4 418 37 11.297297297297296
SODGTHG12AB017F730 809 249 3.248995983935743
SOEBPUD12A6701C527 58 25 2.32
SOEDJCJ12A8C138692 49 17 2.8823529411764706
SOFCHHK12A8C13916C 291 52 5.596153846153846
SOGNFSN12A679D8AFB 90 36 2.5
SOGUQKI12A8C141C1D 361 84 4.2976190476190474
SOLHNZY12A6D4FBCB5 199 46 4.326086956521739
SOMJWIV12AC468A5A0 1138 149 7.6375838926174495
SONENIO12AB017DBDC 1080 261 4.137931034482759
SOPOEUK12AB017F93A 125 25 5.0
SORZHWG12A8C13A550 90 22 4.090909090909091
SOUDPEM12A6D4FBE64 31 11 2.8181818181818183
SOBHHZZ12A58A78D6B 232 28 8.285714285714286
SOBIIIR12A8C14208A 118 38 3.1052631578947367
SOGHDIA12A6D4F7C96 302 75 4.026666666666666
SOJHOKO12A6D4F5C7B 280 63 4.444444444444445
SOMXCTC12A8AE482F6 164 43 3.813953488372093
SOQPGDF12AB01858C5 1421 283 5.021201413427562
SOVJPAR12AB018D58F 417 90 4.633333333333334
SOYXAUC12A8AE453A0 256 65 3.9384615384615387
SOZLMOQ12A8AE46310 167 19 8.789473684210526
SOEVGLT12A6D4F7A4E 422 120 3.5166666666666666
SOEXGZW12A8C13B649 425 71 5.985915492957746
SOJCSLE12A58291C6B 355 87 4.080459770114943
SOOVYHV12A8C138EF1 226 58 3.896551724137931
SOPGCXT12A8C138AD1 452 112 4.035714285714286
SORZZVR12A8135582B 189 42 4.5
SOVLHHP12AB0185C4A 37 8 4.625
SOWHRON12A8C1438D4 346 79 4.379746835443038
SOWZUEB12A8C12FF12 485 70 6.928571428571429
SOXOBFN12A58A788BD 288 60 4.8
SOBJJFZ12A58A791E4 145 33 4.393939393939394
SOGKNQF12AB017FD67 157 57 2.754385964912281
SOHSCKX12AB01810A3 155 22 7.045454545454546
SOKOEJK12A6701CCA2 296 60 4.933333333333334
SOLANDE12AB0182662 127 32 3.96875
SONDKOF12A6D4F7D70 3393 371 9.1455525606469
SONVQER12AB0186D60 178 53 3.358490566037736
SOOAYRA12A8C13C8BE 91 35 2.6
SOUJXJM12A81C235DA 168 45 3.7333333333333334
SOUQSSI12AF72A5691 430 69 6.231884057971015
SOWVBKZ12A6701E2F1 558 63 8.857142857142858
SOAMNGZ12A6D4F8702 197 46 4.282608695652174
SODCOKD12A8C138E59 524 81 6.469135802469136
SODSZYO12AB018BDD7 107 33 3.242424242424242
SOEEQAM12AB0182813 154 29 5.310344827586207
SOHMAQH12A8C140D58 132 31 4.258064516129032
SONYELH12AF72A2C15 516 99 5.212121212121212
SOOSQQF12AB01868EA 123 38 3.236842105263158
SOSCCPA12A6D4F882B 78 14 5.571428571428571
SOTOZJS12A8C13BDC3 289 66 4.378787878787879
SOTTCJX12AB017E2A0 64 23 2.782608695652174
SOUFABE12A6701CFFF 205 60 3.4166666666666665
SOAKDLX12A67ADAFC5 151 25 6.04
SOBFXFN12AB017DBCE 169 38 4.447368421052632
SOBUHQI12A6D4F7195 641 111 5.774774774774775
SOHWXEU12A8C1320D1 1386 338 4.100591715976331
SONQTMK12AB01819D8 92 27 3.4074074074074074
SOOICOR12A6D4FC106 46 22 2.090909090909091
SOSJRJP12A6D4F826F 13500 3006 4.491017964071856
SOYRFUE12AB0183E5C 328 97 3.381443298969072
SOBCKIM12A8C13936C 638 121 5.2727272727272725
SOCTQGP12A58A7816A 69 19 3.6315789473684212
SOEHHRY12A6D4F894C 88 18 4.888888888888889
SOFVZXF12AB017D6D8 423 109 3.8807339449541285
SOKKYFO12A6D4F7B7C 86 26 3.3076923076923075
SOKTUPR12A8C141FF4 110 27 4.074074074074074
SOOIFGE12A8C13120E 85 19 4.473684210526316
SOSQJWM12A6D4F79E0 1527 229 6.668122270742358
SOSSFAK12A8C1433B7 824 154 5.35064935064935
SOZHBRQ12A6D4F7D2E 505 110 4.590909090909091
SOAIPQE12A8C131E2C 120 42 2.857142857142857
SOAOBWU12A8C146B06 668 134 4.985074626865671
SODBMNH12A6D4F681A 173 51 3.392156862745098
SOIKHNZ12A8AE44929 167 41 4.073170731707317
SOIMTII12A6D4F662A 2127 223 9.538116591928251
SOINXEO12A6D4F9969 92 26 3.5384615384615383
SOKAESA12A8C1410A1 798 144 5.541666666666667
SOLCCSB12A6D4F6CD3 420 121 3.4710743801652892
SOMORZH12AB0180241 127 32 3.96875
SORHFLF12A6D4F7429 227 69 3.289855072463768
SOVPSKL12A670206B9 1822 346 5.265895953757226
SOADELR12AB0181A6D 630 102 6.176470588235294
SODWFXL12A6D4FB509 672 98 6.857142857142857
SOFNAEW12A58A7C17C 473 37 12.783783783783784
SOFWKCI12A8C13A22A 694 75 9.253333333333334
SOIBUMK12A8C1440AA 114 28 4.071428571428571
SOIYGXO12A679D7E64 296 85 3.4823529411764707
SOJPCXA12A8C132086 289 55 5.254545454545455
SOUSTYL12A58A7FD4A 296 69 4.2898550724637685
SOBRYBV12A58A7D451 409 98 4.173469387755102
SODFCYY12A58A78381 179 45 3.977777777777778
SOGACYC12A8C13C528 629 109 5.770642201834862
SOKNSSQ12A58A7B427 81 39 2.076923076923077
SONWUZV12AB0180BAD 2483 501 4.956087824351298
SOQOFNB12A8C137036 328 86 3.813953488372093
SOWMMQE12AB0182FF7 1029 149 6.906040268456376
SOALROV12A6D4F91F9 195 51 3.823529411764706
SOIYFHI12A8C13BA1E 95 29 3.2758620689655173
SOMGVYU12A8C1314FF 19646 3838 5.118811881188119
SONKMPP12A6701DDBF 717 116 6.181034482758621
SOOVJIX12A6D4F8B6B 408 75 5.44
SOQCGHN12AB0181246 12249 3038 4.031928900592495
SORGUXA12A8C132587 43 17 2.5294117647058822
SOTFAUY12AB017D5D9 344 100 3.44
SOUOMDR12A8AE48E95 88 21 4.190476190476191
SOAJFTU12A6701E0A3 516 96 5.375
SOLPVAQ12AB017EB35 1675 310 5.403225806451613
SOMJRGK12AF72A298B 251 40 6.275
SOOHERZ12A8C13EFA7 338 40 8.45
SORXLCB12A67020B3C 190 58 3.2758620689655173
SOSYZCF12AB0181117 58 23 2.5217391304347827
SOXDFVJ12A6D4FD18A 816 181 4.50828729281768
SOBEGUS12A8C13B9F1 123 32 3.84375
SOCJXRD12AB0189B2D 266 58 4.586206896551724
SOFKSOJ12A67020919 760 112 6.785714285714286
SOOFYTN12A6D4F9B35 25354 4826 5.253626191462909
SOPUUCJ12A8AE46447 161 48 3.3541666666666665
SOWKXHF12AB018C1A4 156 33 4.7272727272727275
SOAKPMX12AB018193B 797 170 4.688235294117647
SOAOAWR12A58A7B7BE 790 135 5.851851851851852
SODLXUO12A8C1335B2 999 193 5.176165803108808
SOESAES12A8C139A7B 72 29 2.4827586206896552
SOLJOJD12AB0182697 178 49 3.63265306122449
SOOJVLM12A6D4F6DE7 241 58 4.155172413793103
SORWUQX12A8C136740 130 32 4.0625
SOYCHDB12A8C13F2C8 494 148 3.3378378378378377
SODNFSS12A58A7C9E6 253 61 4.147540983606557
SOHIGPZ12A8AE477C0 288 66 4.363636363636363
SOKMIII12A6701D9E1 281 88 3.1931818181818183
SOLKLFA12AB01872EB 81 25 3.24
SOLSZHA12AB0186BB4 104 27 3.8518518518518516
SOQYQJO12A58A7EBC8 106 25 4.24
SOSGVZM12A8C13A959 245 57 4.298245614035087
SOTZCDY12A6D4F6209 290 70 4.142857142857143
SOUETFZ12A6D4F97B6 497 78 6.371794871794871
SOWJSLK12A6D4F94B9 215 64 3.359375
SOXQWUS12A58A7B236 1336 250 5.344
SOYASKG12AF72A32E0 773 186 4.155913978494624
SOBANHD12A58A7BB7C 162 44 3.6818181818181817
SOEHZUQ12A3F1EBC10 732 175 4.182857142857143
SOJXEHN12A6D4F84CC 500 118 4.237288135593221
SOSCPOI12A8C139F02 783 224 3.4955357142857144
SOSRIAK12AAF3B382F 390 85 4.588235294117647
SOSWXHN12AB017B6ED 1124 251 4.47808764940239
SOYYNLA12A67AE0C7B 60 21 2.857142857142857
SODEGIQ12A6D4FC6E3 2145 362 5.925414364640884
SOFONYJ12AB017D95E 831 159 5.226415094339623
SOFZLBO12A6D4F6E23 309 66 4.681818181818182
SOHKLJL12A58A7BD95 424 72 5.888888888888889
SOLVMWK12A6D4F9859 403 73 5.52054794520548
SOMOBBZ12A8C144831 230 54 4.2592592592592595
SONQXDI12AB0186CD4 211 31 6.806451612903226
SOOEQXL12AAF3B4D73 284 31 9.161290322580646
SOOLKSV12AAA8C6B2A 1128 255 4.423529411764706
SOPWUCY12A8C13932E 362 62 5.838709677419355
SOWRQYD12AF729FD3A 102 37 2.7567567567567566
SOZLFRB12A58A7D70D 223 51 4.372549019607843
SOZWAUH12A6D4FA8C6 105 36 2.9166666666666665
SOEVYRW12A58A7B5D6 88 23 3.8260869565217392
SOFJMQW12AF72AA3D7 322 103 3.1262135922330097
SOHHNMV12A67ADBADD 338 70 4.828571428571428
SOODZZZ12A6D4F7567 935 182 5.137362637362638
SOTFEIP12AB017ACB0 161 38 4.2368421052631575
SOTISBX12AB018942A 172 30 5.733333333333333
SOZHMHC12A58A79766 199 35 5.685714285714286
SOAOSDF12A58A779F1 11450 303 37.788778877887786
SOBDDJN12A6D4F698F 250 46 5.434782608695652
SOCSXKQ12A6D4F95A0 653 66 9.893939393939394
SODAMJP12AB0189CA1 151 42 3.5952380952380953
SODTEYX12AB017CB1D 180 50 3.6
SOOHNBB12A6D4F74F8 500 89 5.617977528089888
SOSLDJP12A8C13AF4D 452 133 3.398496240601504
SOYAYDZ12AB018EC44 122 39 3.128205128205128
SOZJEAW12A58A761DB 117 53 2.207547169811321
SOZJUFU12A8C143A9E 144 28 5.142857142857143
SOCBMYZ12A8C14511D 151 33 4.575757575757576
SOJFLUT12A6D4F9273 401 131 3.0610687022900764
SOQJHUW12AB0188A24 2063 401 5.144638403990025
SORJSQI12A6701D62D 169 40 4.225
SOVAGPG12AB0189963 1798 201 8.945273631840797
SOVAJLY12A6D4FDC72 1195 211 5.6635071090047395
SOZXTAI12A8C134DE1 220 66 3.3333333333333335
SOECLLT12AB01803E2 497 96 5.177083333333333
SOJHZAX12AB017E5D2 188 33 5.696969696969697
SOKJKUJ12AF72A3618 667 142 4.697183098591549
SOMCMKG12A8C1347BF 10428 2690 3.8765799256505575
SOMIKKB12AB01890D0 231 54 4.277777777777778
SONUEUK12A6D4FB436 403 91 4.428571428571429
SOSXPEQ12AB0180E9E 184 45 4.088888888888889
SOTFGYM12AB0187367 459 65 7.061538461538461
SOYNXJC12AB0181A9D 254 45 5.644444444444445
SOFMCWD12AB018955E 183 37 4.945945945945946
SOFWEUH12A6702113A 519 105 4.942857142857143
SOKBOOY12A58A7BE8C 328 92 3.5652173913043477
SOMNMDQ12A6D4F86F2 234 38 6.157894736842105
SOOZDLG12A58A81A7B 198 38 5.2105263157894735
SOTFKYU12A6D4FC201 131 29 4.517241379310345
SOWSOAZ12A8C13172A 83 15 5.533333333333333
SOYKKZP12A6D4F78D0 1079 235 4.591489361702128
SOZQSVB12A8C13C271 398 124 3.2096774193548385
SORCVNA12AB01873F8 236 64 3.6875
SOUCEFH12AB018413A 451 121 3.727272727272727
SOUFSLW12A6D4F94D9 147 48 3.0625
SOVNPBK12A6D4F6A67 311 39 7.9743589743589745
SOWSPIK12A6D4FC0FF 139 35 3.9714285714285715
SOBLBER12A6D4FCAEE 183 65 2.8153846153846156
SOEROKT12AF72A911A 169 40 4.225
SOITBQY12A58A77CC4 536 140 3.8285714285714287
SOMRCJE12B0B80BB69 312 56 5.571428571428571
SONQCXC12A6D4F6A37 16283 3840 4.240364583333333
SORRYYS12A6D4FD224 278 59 4.711864406779661
SOAMCDB12A8C132486 205 37 5.54054054054054
SOCKPSR12A8C136FC8 348 71 4.901408450704225
SOEHSWI12A8C14497A 157 41 3.8292682926829267
SOFCVTY12AF72A493B 303 91 3.32967032967033
SOGOFNM12A8AE460BF 180 57 3.1578947368421053
SOISKJL12A6D4F8494 133 20 6.65
SOKVJAF12A8C142B25 151 33 4.575757575757576
SOLAHOU12A8C132B5B 210 51 4.117647058823529
SOLGPOU12A58A7EA20 13091 3136 4.174426020408164
SONPWAK12AB0181210 251 72 3.486111111111111
SONXUQR12AB0186C9F 751 94 7.98936170212766
SOPUDWU12A8AE4612A 1044 256 4.078125
SORJBJB12A8C13E711 1906 375 5.082666666666666
SORONWE12AB0188FB3 836 176 4.75
SORROHK12AB018F652 92 22 4.181818181818182
SOTNHIP12AB0183131 2282 549 4.156648451730419
SOUGBOB12AB01807CC 85 34 2.5
SOURVKJ12AB0189EF3 246 41 6.0
SOWCUCK12AB0182AD1 269 58 4.637931034482759
SOWETIS12A8C139524 169 43 3.9302325581395348
SONWWJP12AC468B371 233 43 5.4186046511627906
SOQOEUU12AB017F103 99 38 2.6052631578947367
SOUFTBI12AB0183F65 27068 4428 6.112917795844625
SOUUPBB12A8C13C0D1 119 18 6.611111111111111
SOBHDZO12A6D4FD169 577 100 5.77
SODZPSU12A67ADF620 144 29 4.9655172413793105
SOGPMFZ12AB018399E 155 22 7.045454545454546
SOITKYO12A8C13B3D5 294 65 4.523076923076923
SOMPKDT12AAA8C6759 238 50 4.76
SOOUUQV12A8C140874 95 25 3.8
SOPTVBI12AB0182774 140 36 3.888888888888889
SOTBDAP12A81C200A1 307 81 3.7901234567901234
SOUFAZA12AC3DFAB20 119 45 2.6444444444444444
SOVARSD12AB017F3AF 158 28 5.642857142857143
SOVXELC12A8AE45ACD 709 155 4.574193548387097
SOZFTWM12A6D4FB7ED 210 32 6.5625
SOBYJRH12A8C141C8B 188 33 5.696969696969697
SODZAQY12A8C144546 80 22 3.6363636363636362
SOMTZYU12AB017D632 1602 218 7.348623853211009
SOPPHII12A6701F35D 321 81 3.962962962962963
SOROCIO12A67AE0E1C 214 46 4.6521739130434785
SOSOIFC12A58A7A362 1003 183 5.48087431693989
SOVRQJC12AB0187D08 117 37 3.1621621621621623
SOXOHUM12A67ADC826 107 34 3.1470588235294117
SOXTEEV12AB0184633 102 31 3.2903225806451615
SOYIVCZ12AB018336B 504 100 5.04
SOZSWRJ12A6D4FC3AB 479 149 3.214765100671141
SOAFPSO12AF72A4521 394 75 5.253333333333333
SODBVGA12A6BD4D3C0 462 37 12.486486486486486
SODPERN12A8C142D04 199 47 4.23404255319149
SOFOAHE12A6D4F66C5 182 43 4.232558139534884
SOKWSJO12A58A79BC3 154 50 3.08
SOLGNBX12AF72A7737 1366 256 5.3359375
SOQQQQR12A6D4F654D 445 114 3.9035087719298245
SOXRKDK12AB018AA60 100 28 3.5714285714285716
SOYCTSV12A6D4FB43C 222 89 2.49438202247191
SOZQLLE12A6D4F7170 761 203 3.748768472906404
SOAPBSH12A58A80492 219 56 3.9107142857142856
SOBPRZE12A8C1313CC 542 153 3.542483660130719
SOGKGVR12A6D4F803D 354 84 4.214285714285714
SOITBKC12A58A7C01F 358 83 4.313253012048193
SOJFRSI12A8C137579 277 60 4.616666666666666
SOJSQYL12A81C23901 742 141 5.26241134751773
SOLLNRI12AB0187563 200 55 3.6363636363636362
SOLRRYI12A8C13A769 182 21 8.666666666666666
SOMZHIH12A8AE45D00 298 77 3.8701298701298703
SOOSVUB12A8C13B13F 483 122 3.959016393442623
SORGUOB12A8C13E30A 525 110 4.7727272727272725
SORQVOE12A6D4F5742 253 65 3.8923076923076922
SOYIIBR12A58A7BADD 448 76 5.894736842105263
SOYTKDP12A6D223C06 132 24 5.5
SOCKAEI12A8C1422C8 178 47 3.7872340425531914
SOEIMLA12A8C13D34F 155 42 3.6904761904761907
SOFRZZT12A8C1351E6 201 29 6.931034482758621
SOGSSMT12A8C13D3A0 156 33 4.7272727272727275
SOPZEKW12A8AE48590 167 43 3.883720930232558
SOSBVJP12A8C14059D 230 54 4.2592592592592595
SOSJUAX12A58A7FD30 352 83 4.240963855421687
SOSNJIT12A8159E8DB 1517 338 4.488165680473373
SOAFTFX12A6D4F3B78 220 44 5.0
SOBKCBP12A8AE48322 109 39 2.7948717948717947
SOHEQHL12A6D4F8CC7 368 52 7.076923076923077
SOLXTXN12AB018238A 1336 296 4.513513513513513
SORRLVL12A8C13B60A 402 70 5.742857142857143
SOYZFBN12A8C134D39 363 101 3.594059405940594
SOZHWTM12A8C14229F 201 49 4.1020408163265305
SOZJLIG12A8AE47FAB 279 82 3.402439024390244
SOFSLOC12A8C13F8BD 445 111 4.009009009009009
SOIPTOL12A8C142E2E 24 10 2.4
SOKXVGY12A8AE4841E 205 52 3.9423076923076925
SONYUDK12A58A7B7FD 373 122 3.057377049180328
SOOZAEJ12A6BD530F2 40 11 3.6363636363636362
SORAKQP12A58A7D699 772 119 6.487394957983193
SOBHDEW12A58A79C24 87 20 4.35
SOCPOZL12A8C139C55 308 43 7.162790697674419
SOCZKDZ12A8C13D024 421 55 7.654545454545454
SODCNJX12A6D4F93CB 14410 3423 4.209757522640958
SOEHHJG12A6D4F968A 1340 218 6.146788990825688
SOHETNQ12A6D4F848A 240 52 4.615384615384615
SOKWXIW12AF72A9170 122 33 3.696969696969697
SONTHCA12AB01850DA 311 50 6.22
SORUMUS12A6701E751 583 134 4.350746268656716
SOSVQSF12A6D4F81A0 79 28 2.8214285714285716
SOXMZYS12AB018349B 49 11 4.454545454545454
SOYKUYC12AB017F2C2 368 44 8.363636363636363
SOZSOMC12A6D4FA35A 331 69 4.797101449275362
SOBABRB12A6701DF4B 8788 2214 3.969286359530262
SOBGJBA12A6D227291 74 36 2.0555555555555554
SOBGMWV12A58A7AAD1 116 32 3.625
SOBYXAH12AB01884D9 175 51 3.4313725490196076
SOJXIDI12A6D4F4444 135 28 4.821428571428571
SOLCYYH12A8C13C486 302 47 6.425531914893617
SOOMNGN12A6D4FA4BF 143 37 3.864864864864865
SOPPFCE12AC4687FEB 148 33 4.484848484848484
SOSLPTU12A8C1445D7 215 49 4.387755102040816
SOAIOFW12A8C13FAC0 602 182 3.3076923076923075
SOCRCNK12A8C133AA7 1064 279 3.813620071684588
SODNDDS12AB017F3D1 385 81 4.753086419753086
SOETFVO12AB018DFF3 676 151 4.47682119205298
SOFUYDQ12A8C142495 105 23 4.565217391304348
SOGOKSF12A8C13375F 101 30 3.3666666666666667
SOIBBRA12A8C13BA94 330 99 3.3333333333333335
SOJVGOQ12AC90979E8 313 51 6.137254901960785
SOKAFAF12A81C22FA7 871 246 3.540650406504065
SONGBWJ12A58A7AB4D 499 63 7.920634920634921
SOSKXVY12AB0189453 82 20 4.1
SOUIVNJ12AB0183D5C 297 59 5.033898305084746
SOZYCBS12A8C13FE2C 89 22 4.045454545454546
SOCXSOJ12A8C140A90 157 54 2.9074074074074074
SODDEKX12B0B80BC90 210 46 4.565217391304348
SODXEJS12A6310F18D 90 34 2.6470588235294117
SOFWEPP12AB01890A2 770 181 4.254143646408839
SOKPCTW12A6D4F794C 73 28 2.607142857142857
SOMRWQY12AB018760C 463 115 4.026086956521739
SOMUCFP12A6701F28E 755 155 4.870967741935484
SOTOJEN12A8C13D853 516 101 5.108910891089109
SOWMBCE12A58A7B377 1104 258 4.27906976744186
SOYAIPB12A8C143D84 2230 585 3.8119658119658117
SOALVOP12A6D4F5DA1 210 54 3.888888888888889
SODBSUF12A8C141975 928 120 7.733333333333333
SODWXJW12AAA8C5C29 5512 1420 3.8816901408450706
SOFZLFC12AB01858EB 148 45 3.2888888888888888
SOLTBXC12A6D4F6ADB 264 65 4.061538461538461
SOMXDJA12A58A81A9F 74 29 2.5517241379310347
SOOICCO129F0824739 637 156 4.083333333333333
SOPVATE12AB0181330 256 64 4.0
SOXYVOP12A67020716 208 51 4.078431372549019
SOYQEXD12AB0186267 323 101 3.198019801980198
SOYXKEN12AB018541B 205 37 5.54054054054054
SOAZVLB12A6D4FCC2D 224 62 3.6129032258064515
SOEJVTY12A81C22428 821 129 6.364341085271318
SOEQXSS12AF729EE8D 111 27 4.111111111111111
SOESREH12A8C13AD63 100 32 3.125
SOIOESO12A6D4F621D 2380 505 4.712871287128713
SOKUIWE12A8AE48F8B 687 133 5.165413533834586
SOSBDXR12A8C13BB2A 107 30 3.566666666666667
SOTOECK12AAA8C6BB7 1335 195 6.846153846153846
SOUWZPO12A6D4F83E3 1627 164 9.920731707317072
SOUXSRW12A8C13D867 230 34 6.764705882352941
SOWGFPG12A6D4F83E4 516 90 5.733333333333333
SOBRHVR12A8C133F35 11080 2377 4.661337820782499
SODGXZN12A6D4FB6E9 302 65 4.6461538461538465
SOGHSMH12A8C137927 783 140 5.5928571428571425
SOHALKJ12AB017FCC2 1465 319 4.592476489028213
SOHFJAQ12AB017E4AF 12314 3293 3.7394473124810204
SOIEKXV12AC3DF80E5 198 37 5.351351351351352
SOJLQHN12A8C139D6A 100 23 4.3478260869565215
SONWJTD12A81C22314 142 40 3.55
SOOQMTX12A6D4FA2C6 106 40 2.65
SOSGNJG12A8C13D599 293 55 5.327272727272727
SOTMJIE12A8C139712 69 28 2.4642857142857144
SOWOVYH12A58A776C4 273 71 3.8450704225352115
SOYEQWP12A8C138125 154 37 4.162162162162162
SODHIYL12A6D4F8595 438 95 4.610526315789474
SODTTMC12A8C14602A 288 49 5.877551020408164
SOEOKNU12A8AE46AC8 84 27 3.111111111111111
SOGCJKV12A6D4F8862 166 54 3.074074074074074
SOLXSHU12A6D4F98DF 859 160 5.36875
SOMEIDU12AB0182205 710 115 6.173913043478261
SOMZQIL12AF72A41AC 145 28 5.178571428571429
SONNEGO12A8C13AF64 166 43 3.86046511627907
SOQZQQG12A8AE48EF0 511 59 8.661016949152541
SOTBTNN12A8C13896C 246 52 4.730769230769231
SOVUFMS12AB0186822 113 35 3.2285714285714286
SOYSCPE12AB0181BBF 148 21 7.0476190476190474
SOYTIYM12AB018B743 238 49 4.857142857142857
SOAMWPS12AB018462E 86 23 3.739130434782609
SOBDHRM12A6D4F749D 130 21 6.190476190476191
SOCTIAY12A58A7A37E 130 26 5.0
SOIJBBH12A8C13E71F 432 61 7.081967213114754
SOJLWPI12A6D4F93BC 103 25 4.12
SOJRDRA12A58A7CB8F 339 36 9.416666666666666
SOLMNZV12A6D4F8E7D 239 48 4.979166666666667
SOLSCKU12A6D4F48F9 553 107 5.168224299065421
SONXLUB12A67020395 165 46 3.5869565217391304
SORSUGO12A8C13E530 106 23 4.608695652173913
SOWULFH12A81C225EA 1028 166 6.192771084337349
SOYAICE12AB01806E2 79 19 4.157894736842105
SOCQOZB12AB0185685 1047 147 7.122448979591836
SOCTEZL12A58A7AC78 122 38 3.210526315789474
SODVWOV12A6D4FB6D2 993 227 4.3744493392070485
SOEYKYT12AB0180AF4 322 75 4.293333333333333
SOHXHWB12A58A7ACD1 849 184 4.614130434782608
SOJZYUB12A67020883 296 73 4.054794520547945
SOLMEOG12A8C142046 517 106 4.877358490566038
SOMFVPE12AF72A2D30 125 36 3.4722222222222223
SONDIKG12AB018407C 368 94 3.9148936170212765
SONNXKQ12A67ADD5F2 102 29 3.5172413793103448
SOSNJDE12A8C134AFB 378 81 4.666666666666667
SOSVPRW12AB018453E 236 61 3.8688524590163933
SOSXLTC12AF72A7F54 43365 5578 7.774291860882037
SOTDPPR12A6D4F6968 112 34 3.2941176470588234
SOTRWMZ12A8C13CBC3 240 42 5.714285714285714
SOULWEE12A6D4FA835 409 100 4.09
SOWBALD12A8C13E42A 287 36 7.972222222222222
SOXLOQG12AF72A2D55 15494 3590 4.315877437325906
SOBFPJC12A58A7D1AB 138 35 3.942857142857143
SOCVOVH12A6D4FB912 440 60 7.333333333333333
SODAEAR12A6D4FA4BC 243 61 3.9836065573770494
SODFYFM12A6D4F87FD 525 83 6.325301204819277
SOFCDPR12A58A7C5C5 253 22 11.5
SOFMMUO12A8C131A75 155 33 4.696969696969697
SOHHDBB12AB01803C5 158 23 6.869565217391305
SOKUIEF12AB017DCD4 274 47 5.829787234042553
SOOIWVW12A6D4FA72B 742 156 4.756410256410256
SOROPBL12A6D4F8F33 115 29 3.9655172413793105
SOSQIPK12A6D4F966A 315 76 4.144736842105263
SOSWIKI12A6D4FAC87 28 14 2.0
SOWQQSX12A58A7B81D 243 43 5.651162790697675
SOIAMAG12A6701DCFC 749 90 8.322222222222223
SOJEMUN12A8C13108B 143 16 8.9375
SOKLELE12AF72A7320 134 26 5.153846153846154
SOMEILB12AB01870CD 224 75 2.986666666666667
SOMVIOV12A6D4F719A 862 146 5.904109589041096
SOSXYXB12AB01807A7 211 54 3.9074074074074074
SOUELBE12A6D4F7CF7 117 39 3.0
SOVYWTT12A8C144616 190 37 5.135135135135135
SOAHFXJ12A8C13CA07 79 30 2.6333333333333333
SOBMRKB12A8AE481D0 325 84 3.869047619047619
SOBOUPA12A6D4F81F1 23303 4516 5.160097431355181
SOFONOE12A58A7C14A 338 55 6.1454545454545455
SOHAYXF12AF72A4382 350 67 5.223880597014926
SOJVMMA12A67ADAE09 110 29 3.793103448275862
SONGOJV12AF729AEBD 627 93 6.741935483870968
SOYTCMK12A8C13F32F 329 115 2.860869565217391
SOYWBDC12A8C142D90 1185 151 7.847682119205298
SOZTCEG12A58A7DC26 103 22 4.681818181818182
