SOAQAXR12A58A7AC18 274 49 5.591836734693878
SOCUVKX12A6D4F8ED7 565 90 6.277777777777778
SODASIJ12A6D4F5D89 3903 938 4.160980810234541
SOKFDEW12A8C13F975 190 42 4.523809523809524
SOKZIJM12A6D4F97E2 91 25 3.64
SOLLFYG12A8C1396BD 319 61 5.229508196721311
SOMHTUR12A6D4F8764 1518 316 4.80379746835443
SONGYMA12A6D4F8A32 817 150 5.446666666666666
SONIPQC12AB017B595 732 240 3.05
SOPQNAF12A8C13C24E 156 41 3.8048780487804876
SOQXBOK12A6D4F5C1C 352 74 4.756756756756757
SORJNMJ12A8C13D994 929 271 3.4280442804428044
SOTKJIZ12A6D4F733A 1330 224 5.9375
SOTMLOE12A8C133F15 2708 627 4.318979266347688
SOWPQPE12A6D4F433A 630 121 5.206611570247934
SOAJAFJ12A58A7B75A 2549 504 5.057539682539683
SOFZVRZ12A8C1328B8 684 96 7.125
SOGLWGG12A6D4F8046 2993 776 3.856958762886598
SOHTCVN12A8C134E46 4765 1769 2.6936122102882987
SOOOKQM12AAF3B4D0F 514 97 5.298969072164948
SOQDEGF12A8C13C592 1273 331 3.8459214501510575
SOUTTSQ12A6D4F43FA 458 98 4.673469387755102
SOUWKRY12A6D4FB676 73 31 2.3548387096774195
SOBAXAL12A6D4FA473 398 40 9.95
SOBIWWG12A81C21111 440 81 5.432098765432099
SODFNPU12A8C139974 914 186 4.913978494623656
SODITHX12A8AE46248 1109 242 4.582644628099174
SOGPUZS12A8C1349C8 293 94 3.117021276595745
SOWQFZB12A58A7997A 231 63 3.6666666666666665
SOXDXIA12A6D4F3B76 260 56 4.642857142857143
SOZHRXQ12A8C136EC4 1070 214 5.0
SOBSKWD12A8C135EA6 509 56 9.089285714285714
SOCDINI12A6D4F7215 285 40 7.125
SOEQMYY12A6310F219 115 43 2.6744186046511627
SONEUEV12A8C14373B 783 184 4.255434782608695
SONLOGL12A67ADAB19 527 77 6.8441558441558445
SOTWPXG12A8C142CF6 375 121 3.0991735537190084
SOXYOPC12A6D4FC1A6 95 43 2.2093023255813953
SOBAIKW12A6310FF58 229 79 2.8987341772151898
SODVZAP12A58A78517 164 37 4.4324324324324325
SOHFVJR12AF72A9805 1860 409 4.547677261613692
SOILOCK12AF72A0116 309 87 3.5517241379310347
SOIMDZL12A6D4F6EB1 78 21 3.7142857142857144
SOKSLVO12AB01872CD 537 127 4.228346456692913
SOMNTMT12A8C1400F6 5811 981 5.92354740061162
SOOONKL12AB0187911 609 151 4.033112582781457
SOPPTRY12AF72A8EB8 306 82 3.731707317073171
SOPSENS12AB018F1BA 1043 205 5.087804878048781
SOQGSUC12A8C13B66D 12091 2422 4.9921552436003305
SOSWFXR12A8C1433E4 1034 61 16.950819672131146
SOVFYAC12AAF3B27AC 509 159 3.20125786163522
SOXBHCJ12A8C13BA43 542 85 6.376470588235295
SOYDETO12A6D4F6F7E 432 73 5.917808219178082
SOYEJKC12A8C136E3D 507 116 4.370689655172414
SOZPIUX12A6D4F84B8 314 70 4.485714285714286
SOCDDDO12AC4689F56 493 76 6.4868421052631575
SOCHWPT12AB0184F15 2723 427 6.377049180327869
SODCNEE12A6310E037 2802 373 7.512064343163539
SODGZBS12A8C131429 167 55 3.036363636363636
SOZGFYU12AB0186CF9 185 29 6.379310344827586
SODHKQB12A8C133B16 494 128 3.859375
SOGOIPS12A8C13C5D9 486 77 6.311688311688312
SOHJIZS12AAF3B17EA 647 134 4.8283582089552235
SOHQXIK12A8135824B 315 68 4.632352941176471
SOJAFFL12A6D4F8F68 315 39 8.076923076923077
SOLOQJG12A81C20457 809 211 3.8341232227488153
SOPRMXL12AB0184524 286 48 5.958333333333333
SOTWVWH12A81C1FE4E 190 46 4.130434782608695
SOURKWT12A81C217C1 103 23 4.478260869565218
SOVMGXI12AF72A80B0 1895 443 4.27765237020316
SOEIKRK12AB017D6E0 1477 300 4.923333333333333
SOFHAPC12A8AE48ED9 267 75 3.56
SOGAUJB12A8C13BD05 1139 219 5.200913242009133
SOVQGPA12AB017D8EF 617 139 4.438848920863309
SOCOLZI12A6D4F6D00 310 84 3.6904761904761907
SOCZJGR12A6D4FC5C6 322 85 3.788235294117647
SOHVDZM12A8C13AE07 563 101 5.574257425742574
SOJJRVI12A6D4FBE49 890 225 3.9555555555555557
SOJTJAU12A8C1395C4 1756 336 5.226190476190476
SOLXZPE12A8AE47AFF 737 142 5.190140845070423
SONYGQM12A58A7C612 562 114 4.9298245614035086
SOOIWMQ12A6D4F9AF5 1089 209 5.2105263157894735
SOPGYCQ12A6D4FB4DC 3042 635 4.790551181102362
SOQBVCL12AB0187D0B 1171 181 6.469613259668508
SOTUQMP12A6D4F70D6 360 118 3.0508474576271185
SOUNNWW12AB018795D 3327 1033 3.2207163601161666
SOXHSLO12A6D4FCFF1 512 109 4.697247706422019
SOZQFIE12A8C14003C 140 31 4.516129032258065
SOCIHMS12A8C142CC7 2711 558 4.858422939068101
SODDKUO12A8C13233E 542 110 4.927272727272728
SOEIMLT12A6310F177 755 120 6.291666666666667
SOFVUDO12A58A7B163 264 35 7.542857142857143
SOIQUYO12A6D4F6640 223 69 3.2318840579710146
SOLWELF12A67ADA569 254 57 4.456140350877193
SOMEBNF12A6310E8FD 751 155 4.84516129032258
SOMPIUH12A8C139646 786 137 5.737226277372263
SOMWEKF12A6D4FB484 170 36 4.722222222222222
SOMYZPF12A8C13E795 593 124 4.782258064516129
SOOCVQG12AB0187AF4 461 79 5.8354430379746836
SOOUDTH12A6D4F60A6 1410 383 3.681462140992167
SOUPSHP12AB0181B1A 255 68 3.75
SOVCOYG12AF72A065D 249 48 5.1875
SOYWPMG12A6D4F901A 1800 341 5.278592375366569
SOZEUQG12A6D4FA00C 145 47 3.0851063829787235
SOEOVGV12AF72A1E27 1313 261 5.030651340996169
SOHBHMN12A58A78CC5 230 51 4.509803921568627
SOJCJMT12A8AE492E5 2104 434 4.847926267281106
SOLHTJY12A58A7AFE7 2038 358 5.692737430167598
SOPSAEJ12A58A7DA0F 696 186 3.7419354838709675
SOURADC12A6D4FAC83 352 95 3.705263157894737
SOXHSFO12A81C2065B 172 53 3.2452830188679247
SOXKALX12A6D4F623B 985 247 3.9878542510121457
SOBMNXE12A8C140F8A 1058 270 3.9185185185185185
SOCDOVE12AB01808DE 1306 404 3.232673267326733
SODGDJL12AB017B925 422 62 6.806451612903226
SOHPCSX12A8C13F224 642 156 4.115384615384615
SOIKQFR12A6310F2A6 4064 534 7.610486891385768
SOJNTIT12A6D4F88A9 1821 255 7.141176470588236
SOKUJSV12A8C130282 496 67 7.402985074626866
SOMCHRF12A6D4FA1B7 1295 249 5.2008032128514055
SOTKTQG12A6BD5294E 948 165 5.745454545454545
SOZRCKP12A6D4F98F2 520 121 4.297520661157025
SOBJVMJ12AAF3B315C 544 99 5.494949494949495
SODXKHS12A8C13EBB6 609 105 5.8
SOIBCIC12A58A7B55B 3077 692 4.446531791907514
SOKHQPR12A67ADD3DA 504 138 3.652173913043478
SOLQKXX12AB018C8AC 270 44 6.136363636363637
SOMJBJL12AB0189861 799 228 3.504385964912281
SOMTZGQ12A67FFB3C2 573 136 4.213235294117647
SOQFYKY12A8AE46D00 162 47 3.4468085106382977
SOQNZJU12AB018574E 606 79 7.670886075949367
SORRYYZ12A8C131B42 204 34 6.0
SOCZHUU12A6310DA5B 662 141 4.695035460992908
SODJPQA12A81C20609 261 54 4.833333333333333
SOHXMYD12A6D4FA80E 368 111 3.315315315315315
SOKPPTX12A58A7CA1E 336 74 4.54054054054054
SOTCDVY12A6D4F7CF4 238 48 4.958333333333333
SOTONTT12AB01869BB 381 124 3.0725806451612905
SOUHTWB12A8C13BA4D 731 163 4.484662576687117
SOUKAOJ12A6D4F7C91 1217 316 3.8512658227848102
SOXJCWC12A6D4FA800 445 67 6.641791044776119
SOXNNAE12A6D4F7BC1 616 140 4.4
SOYABSZ12A81C1FEAC 4979 1858 2.6797631862217437
SOYKOSN12A8C141858 721 148 4.871621621621622
SOZIAAQ12A6D4F8B6A 336 60 5.6
SOBBFWL12A8C140087 405 74 5.472972972972973
SOJIPLZ12A6D4F6110 1041 174 5.982758620689655
SOKYVVZ12A8C13CC1F 743 230 3.2304347826086954
SONRQQF12A8C1387BE 258 64 4.03125
SOOASTI12A8C14307D 268 48 5.583333333333333
SOOZWZF12A582913C6 419 91 4.604395604395604
SOUGLCH12A8C140306 519 71 7.309859154929577
SOUIKSL12A6701D19A 876 168 5.214285714285714
SOCJNRV12A6D4F70B5 546 128 4.265625
SOCUYKP12A8C13CDD0 760 165 4.606060606060606
SOEFTHE12A6D4FA79D 317 68 4.661764705882353
SOGEZLJ12A58A799E4 1108 228 4.859649122807017
SOIDUKF12A8C13A7F8 889 108 8.231481481481481
SOLSWSG12A8C13894E 377 76 4.9605263157894735
SOOENDM12A6D2281CB 1301 230 5.656521739130435
SORUQDU12A6D4F94C9 450 102 4.411764705882353
SOVWBYM12A6D4F8A22 13550 3175 4.267716535433071
SOVYYDC12A8AE466E3 1554 251 6.191235059760956
SOAQKDM12A67020E0D 344 104 3.3076923076923075
SOFCPEE12A8C13D566 1040 229 4.541484716157205
SOGVXGZ12A8C1333E3 546 187 2.9197860962566846
SOIBHOD12A58A7B5D7 712 132 5.393939393939394
SOITKRG12A6D4F834E 935 145 6.448275862068965
SOJNSLW12AB01838EC 413 116 3.560344827586207
SOKNMJE12A67AE0421 346 71 4.873239436619718
SOMTEGI12B34F1C789 121 31 3.903225806451613
SOODQWW12A8C135E53 1106 232 4.767241379310345
SOSIWPS12A58A7ED14 585 119 4.915966386554622
SOVSQQE12A8C1327EF 558 128 4.359375
SOXHIMB12A6D4F573F 207 70 2.9571428571428573
SOYWENS12AB0180B01 1192 189 6.306878306878307
SOBOSGD12A6D4F75C0 2331 309 7.543689320388349
SOBYSSP12AAF3B32CA 1690 316 5.348101265822785
SOECZCB12AF72A9366 1542 204 7.5588235294117645
SOGTAPA12A81C220FA 217 42 5.166666666666667
SOINTXZ12AF729FB66 119 62 1.9193548387096775
SOMSQJL12A58A769EB 262 78 3.358974358974359
SOOABOY12AB0184AFB 412 95 4.336842105263158
SOOEPEG12A6D4FC7CA 472 127 3.716535433070866
SOPFVWP12A6D4FC636 103 40 2.575
SOUNZHU12A8AE47481 25464 6032 4.221485411140583
SOXMTCY12A67AD8139 791 132 5.992424242424242
SOBIONB12AB0185862 557 118 4.720338983050848
SOEIYDP12A58A7DB82 935 172 5.436046511627907
SOIUUTM12AB01868F2 287 68 4.220588235294118
SOLXTWU12A8C13C4C2 346 70 4.942857142857143
SOQBPJO12A6D4F7A7A 1290 230 5.608695652173913
SOTEIQB12A6702048D 278 43 6.465116279069767
SOTKVNF12A8C133D0D 318 73 4.3561643835616435
SOUMMMX12A6D4F66D6 474 91 5.208791208791209
SOUVUHC12A67020E3B 1415 375 3.7733333333333334
SOAKZZS12AB018B67B 445 108 4.12037037037037
SOANOQW12A58A793D2 2141 152 14.085526315789474
SOCYJVE12A6D4FD477 395 67 5.895522388059701
SODWLZG12A8C1462FB 373 77 4.8441558441558445
SOEAKIB12A8AE48D12 275 50 5.5
SOICWKH12AB0189AB4 483 78 6.1923076923076925
SOKENKR12AB01828F7 1985 322 6.1645962732919255
SOLOFQJ12AB0184320 1849 481 3.8440748440748442
SOAESGK12A8C138488 537 125 4.296
SOCEBPI12A58A7D08E 650 142 4.577464788732394
SOCPKTZ12A6D4F7C8C 267 61 4.377049180327869
SOFLAAC12A8AE47A56 2925 438 6.678082191780822
SOFQJOL12A8C134C74 362 76 4.7631578947368425
SOHCJMA12A8C13F05F 515 97 5.309278350515464
SOHCUCU12AB0189799 752 172 4.372093023255814
SOIVZJE12A8C13D9D8 492 98 5.020408163265306
SOLNCMB12AB01814F0 278 70 3.9714285714285715
SOMGIYR12AB0187973 16954 4234 4.00425129900803
SOOTDTY12A6D4F7C12 205 67 3.0597014925373136
SOUBEXV12AB01804A4 1552 388 4.0
SOUOTLX12A6D4FA186 1040 137 7.591240875912408
SOPKZHA12A58A7BC86 376 79 4.7594936708860756
SORJJPD12A8C138F82 143 56 2.5535714285714284
SOATUZY12A58A7E660 131 39 3.358974358974359
SOGSDHY12AB017BF39 2445 216 11.319444444444445
SOKHSGE12A6D4FC436 152 44 3.4545454545454546
SOLEHPJ12AB018B29F 198 52 3.8076923076923075
SOMEFTJ12A6D4F8CAC 2322 450 5.16
SOTGPCZ12A6D4FAEA5 494 131 3.7709923664122136
SOUNDLS12AF72A0B3E 891 177 5.033898305084746
SOXNSGR12AF72A1AA9 661 115 5.747826086956522
SOYDCPY12A8C12FE52 606 127 4.771653543307087
SOAJDBZ12A6D4FA3C8 561 128 4.3828125
SOCBQLL12A81C23497 362 82 4.414634146341464
SOFRZVX12A8C1428AA 360 81 4.444444444444445
SOJRYIG12AB01835EF 171 45 3.8
SOLXATJ12A8C13E471 356 68 5.235294117647059
SOOPMLH12A6D4F818E 462 119 3.8823529411764706
SORXCIY12A8C13C4BF 27 19 1.4210526315789473
SOTVZIB12A6D4F694A 1855 318 5.833333333333333
SOYCXGT12AF72A6DAF 254 72 3.5277777777777777
SOAAFYH12A8C13717A 909 168 5.410714285714286
SOATSLL12AB017B862 212 74 2.864864864864865
SOBEHXG12A8C138D22 784 150 5.226666666666667
SOBVQTB12AB01852E0 311 66 4.712121212121212
SOGEKGR12A6D4F81E8 2050 503 4.075546719681909
SOGZPSN12A8AE48A0C 252 82 3.073170731707317
SOKFFGS12AB0184771 495 122 4.057377049180328
SONWGDQ12AF72A635F 475 123 3.861788617886179
SONZWDK12A6701F62B 4143 811 5.108508014796548
SORRKIP12A6D4F9EAD 180 54 3.3333333333333335
SOZAEQI12AF72A5116 96 24 4.0
SOAKZBT12A8C13790C 397 68 5.838235294117647
SOAPSFK12AC46890F8 530 130 4.076923076923077
SOBPHXV12A6D4F9FD0 1227 343 3.577259475218659
SOCLNOB12A8AE48670 857 110 7.790909090909091
SOGTQKI12A67ADC81F 610 117 5.213675213675214
SOIVTIS12AB018757B 518 145 3.5724137931034483
SONSRHZ12A8C13EA39 375 45 8.333333333333334
SORKMCT12A8C136ED7 390 85 4.588235294117647
SOUDBWL12A6D4F8155 2513 888 2.829954954954955
SOUDSFV12A8C13D64D 413 88 4.693181818181818
SOYBMKQ12AAA15CF76 132 47 2.8085106382978724
SOABXNE12A8C13B818 462 81 5.703703703703703
SOAMWNO12A6D4FB5E9 398 73 5.4520547945205475
SOCFHXV12AB018DB2A 165 41 4.024390243902439
SOHUMQX12A8C140AE0 294 69 4.260869565217392
SOIASJQ12AC468AF65 404 74 5.45945945945946
SOJHUGI12A8C138A66 364 87 4.183908045977011
SONVPTP12A6D4F7A34 2013 546 3.6868131868131866
SOPDRJZ12AF72A6CE5 360 103 3.495145631067961
SOSJUVL12A6D4F86EF 480 90 5.333333333333333
SOTFJGS12AB017F577 1469 359 4.091922005571031
SOVHKJL12AB017E2B2 3511 619 5.6720516962843295
SOGFDXO12A8C14065F 212 47 4.51063829787234
SOHGVLF12A8AE48B6B 945 186 5.080645161290323
SOIOGOA12AB017C1D6 210 55 3.8181818181818183
SOLWQQJ12A8C13A2BD 916 137 6.686131386861314
SONGFDK12A6310D899 570 121 4.710743801652892
SOOJTIL12A8C13B8B2 379 71 5.338028169014085
SOQZPBP12A6D4FD9EE 601 135 4.451851851851852
SOTIWNU12A58A7A0E7 259 57 4.543859649122807
SOWRERD12A6D4F8161 130 42 3.0952380952380953
SOXAHUB12A8C13A7A9 286 89 3.2134831460674156
SOBAPGM12AB0183DC5 632 64 9.875
SOBTJXA12A8C1434BF 328 51 6.431372549019608
SOFCXNF12A58A7CF16 793 154 5.14935064935065
SOISKOP12A6310E2B5 466 71 6.563380281690141
SOKEIFZ12AB01881C4 471 86 5.476744186046512
SOKXZOK12AB01815D5 1371 172 7.97093023255814
SOOFHAF12AF72A90DA 233 59 3.9491525423728815
SOQIHYY12AB0186216 487 89 5.47191011235955
SOSVNOS12AB01831D7 323 79 4.0886075949367084
SOZJEVN12A8C139926 255 33 7.7272727272727275
SOCFILE12A6D4F905F 458 92 4.978260869565218
SOCHADN12A6310ED94 1357 361 3.7590027700831024
SOCUBGU12A8AE46A30 444 114 3.8947368421052633
SOHOMYE12A8C143C11 433 58 7.4655172413793105
SOKISLD12A67020926 373 59 6.322033898305085
SOLBUBX12AF72A0C88 548 101 5.425742574257426
SOLNJUS12A6D4F8BB1 201 55 3.6545454545454548
SOMITCV12A58A781E5 363 53 6.849056603773585
SOZAUIY12AB017B6A0 298 81 3.6790123456790123
SOZCBWK12A58A7DFA5 1425 181 7.87292817679558
SOZRIAR12A8AE457FD 531 86 6.174418604651163
SOAFDBF12AC468F139 222 52 4.269230769230769
SOBFRNE12A6D4F7995 17200 4258 4.0394551432597465
SOJLDWJ12A6D4F771F 351 97 3.618556701030928
SOLBCZY12A8C14153D 158 41 3.8536585365853657
SOMLWGM12A8C135229 253 51 4.96078431372549
SOTGIKV12AB0182176 555 127 4.3700787401574805
SOTOTQJ12A6D4F9A10 600 106 5.660377358490566
SOUAEHH12A8BED02CB 938 214 4.383177570093458
SOZZBDO12B0B80C5BA 215 31 6.935483870967742
SOBTJDV12A6D4FBE54 257 46 5.586956521739131
SOIIGME12A6D4F9702 249 42 5.928571428571429
SOKRFEJ12AAF3B15AD 764 137 5.576642335766423
SOMQPKQ12A6D4FD250 365 46 7.934782608695652
SOMWNFO12A81C22359 402 89 4.51685393258427
SONEWAX12AB018DD3F 4284 1519 2.8202764976958523
SOQRXUB12A6D4FD7D6 161 45 3.577777777777778
SORFEAL12A6D4FD2F4 206 35 5.885714285714286
SOVVMWG12A58A79EFB 312 60 5.2
SOWBESF12AF72AD9CF 2100 421 4.98812351543943
SOFBSOG12AAFF43EC2 266 75 3.546666666666667
SOGICQH12A6D4F76AF 1143 143 7.993006993006993
SOJABWL12A6701F12B 310 60 5.166666666666667
SOLRVHB12A582A28FA 105 33 3.1818181818181817
SOMLLRF12A6D4FAD9C 99 31 3.193548387096774
SORTFZX12A6D4FE6B3 98 40 2.45
SOTXACG12A8C144082 894 145 6.165517241379311
SOYKEPO12A8C1407D9 393 107 3.6728971962616823
SOYVAFI12AB0180032 987 162 6.092592592592593
SOZVZSP12A6D4F6A99 802 226 3.5486725663716814
SOBWZRT12A81C231DA 344 89 3.865168539325843
SOCTMPN12A58A799E5 663 195 3.4
SOGZIOM12A8C14025D 928 136 6.823529411764706
SOJDBPT12A8C13B410 1209 185 6.535135135135135
SOJIYQS12A8C1339F1 219 45 4.866666666666666
SOOXLIG12AB0185803 4358 1018 4.280943025540275
SOPVJNI12A81C219B9 1808 326 5.54601226993865
SOTHCCQ12A81C20618 169 51 3.3137254901960786
SOTXFZD12A6D4F73AF 1024 240 4.266666666666667
SOFTFFK12AB01841C4 333 89 3.741573033707865
SOHVRUU12AB017BA26 835 193 4.3264248704663215
SOMGPJQ12A6D4F7592 920 95 9.68421052631579
SONPZCD12A58A7B2E7 216 55 3.9272727272727272
SOOKHAJ12A58A7E737 480 117 4.102564102564102
SOOQHWP12A670208BF 411 72 5.708333333333333
SOAZRJG12A6D4F8A30 2127 323 6.585139318885449
SOFNNJZ12A8C13F2A2 246 38 6.473684210526316
SOGUMOM12A8C13B897 276 74 3.72972972972973
SOHIWSV12A67020042 2950 643 4.587869362363919
SOIVEPZ12A58A7D654 920 124 7.419354838709677
SOMRAUN12A6D4F5224 568 142 4.0
SONENZV12A8C13F7C1 508 157 3.2356687898089174
SOOFHDQ12AB018BA2A 286 49 5.836734693877551
SOPKYBQ12AB0183552 1160 254 4.566929133858268
SOPOITQ12AB017CD5F 168 52 3.230769230769231
SOVDGMO12A6D4F688D 448 81 5.530864197530864
SOVRBIA12AF72AA14C 882 129 6.837209302325581
SOWFAQF12AB0186708 353 85 4.152941176470589
SOWYQDH12A67AE0FAA 331 71 4.661971830985915
SOWYRXW12A8C1351CA 1261 204 6.181372549019608
SOYJFKD12A8C1370FE 419 119 3.5210084033613445
SODMDQI12A8C139C26 869 210 4.1380952380952385
SOJCQIU12AB017F0B0 664 181 3.6685082872928176
SOLDVPD12AF729B92F 338 95 3.557894736842105
SOMMQUW12A8C132C9D 88 25 3.52
SONHJFG12A6D4F6968 190 34 5.588235294117647
SOPHKCK12AB0182B2E 315 93 3.3870967741935485
SOZKKIM12A6D4F9328 421 128 3.2890625
SOGRKAN12AB017F2E0 533 117 4.555555555555555
SOHUATK12AB017EB65 403 53 7.60377358490566
SOMGJAD12A8C13A9A6 424 99 4.282828282828283
SONEGWF12A8C133022 706 127 5.559055118110236
SONRHCE12A8C145C4F 428 78 5.487179487179487
SORECRH12A58A7A76E 408 118 3.457627118644068
SORHRZS12AB0185CC2 715 202 3.5396039603960396
SOSMMZJ12A6D4FBF22 1717 341 5.035190615835777
SOTVMGO12A8C139FB6 181 48 3.7708333333333335
SOWMRSY12A8C140AA3 653 165 3.9575757575757575
SOZFCIZ12AB018199D 631 125 5.048
SOBHZES12A8C130DEC 276 69 4.0
SOCHPTV12A6BD53113 2031 451 4.503325942350332
SODNIGB12A6D4FC2BA 270 40 6.75
SOFGTEF12AB0185FF9 769 112 6.866071428571429
SOFTHHP12A6D4F8B4E 762 125 6.096
SOIEWZJ12A679AE55A 534 78 6.846153846153846
SOISJAK12A8C142C4B 294 46 6.391304347826087
SOJDWBY12A8C13F6B2 163 47 3.4680851063829787
SOSFVMG12A6D4F7D4E 247 60 4.116666666666666
SOSJMMC12A81C23722 2042 242 8.438016528925619
SOSLQAO12A6D4F98F5 361 109 3.311926605504587
SOBNSME12A6701E2FD 2923 542 5.392988929889299
SOGHRUZ12A8AE49A4D 1520 310 4.903225806451613
SOMMONH12A6D4F41CD 13400 3205 4.180967238689548
SORZGGO12AF729C4DA 322 62 5.193548387096774
SOSNSUE12A6D4F58F8 312 72 4.333333333333333
SOVAEBW12AB0182CE6 1459 166 8.789156626506024
SOWNKOB12A6310E331 358 67 5.343283582089552
SOFNYRK12A8C1371AA 139 47 2.9574468085106385
SOGWZFC12A58A778BF 296 64 4.625
SOHZMFE12A6D4FB412 2537 670 3.7865671641791043
SOILMAY12AB0182292 138 24 5.75
SOKKPQZ12AB0180B8E 294 65 4.523076923076923
SONPMHH12A6701EA29 148 51 2.9019607843137254
SOULUTB12A67020918 408 103 3.9611650485436893
SOXPAGX12AB01824A2 165 27 6.111111111111111
SOBDGJS12A8C1411FD 580 114 5.087719298245614
SOCPIVV12A6D4F7B4C 996 175 5.691428571428571
SOKSREW12A6D4F926D 1148 193 5.948186528497409
SOMLYJD12A58A7B155 7413 1305 5.680459770114942
SOQJJUV12AF72A3D3F 663 108 6.138888888888889
SOTQEWT12A6D4F7D2A 910 182 5.0
SOUFIEH12A8C13A8D1 1153 257 4.4863813229571985
SOWAHLO12A8C13BB33 915 201 4.552238805970149
SOBSUVM12A8C13F7BC 126 36 3.5
SOCJBOJ12A8C142D05 221 63 3.507936507936508
SODQPHU12AB0182672 491 103 4.766990291262136
SOEELNH12A6D4F6522 448 88 5.090909090909091
SOJZTOF12AB018173E 427 85 5.023529411764706
SOMDSWU12A6D4F7F81 750 188 3.9893617021276597
SONGIPI12A8AE46162 2666 542 4.918819188191882
SONMCDN12A8C141750 2160 448 4.821428571428571
SOPXJPQ12A58A7AAFF 422 76 5.552631578947368
SOSJSSU12A6D4F8F41 10758 1931 5.571206628689798
SOTUYMM12AAF3B336B 812 194 4.185567010309279
SOWFJWE12A8AE477AF 887 273 3.249084249084249
SOAUDET12A6D4F96B7 1599 285 5.610526315789474
SOFPXXK12A6D4FA1D9 1374 246 5.585365853658536
SOFWUQE12A58A7BBE4 576 127 4.535433070866142
SOHHZKM12A6D4F70DA 2305 484 4.762396694214876
SONSOGD12B0B8092E7 859 154 5.577922077922078
SOOPWIL12AF72A3A3F 246 61 4.032786885245901
SOPMVRA12AB01872D6 569 101 5.633663366336633
SOTWREV12A6D4F912E 759 203 3.7389162561576357
SOXNPNZ12AB018E1D0 495 127 3.8976377952755907
SOYVGKN12A8C13797F 358 70 5.114285714285714
SOAIWAB12A8C13710A 591 102 5.794117647058823
SOBQFSF12AAF3B451F 296 74 4.0
SOCVPSQ12A8C140272 296 69 4.2898550724637685
SODYWBD12A8C139845 1719 287 5.989547038327526
SODZXPD12A8C131682 359 51 7.03921568627451
SOGLHGM12AC960A21B 270 37 7.297297297297297
SOGQJQX12A6D4F7E5B 762 238 3.2016806722689077
SOKNNOL12A8C13C564 674 120 5.616666666666666
SOMZTMR12A8C14177C 1030 240 4.291666666666667
SONWCPQ12A8C13E650 266 42 6.333333333333333
SONYIAE12A58A79185 214 58 3.689655172413793
SOQUNHE12A6D4F66A3 1231 242 5.086776859504132
SOTCWRK12AB017E47D 3589 861 4.168408826945412
SOXKOIY12A8C13C1EA 2627 658 3.992401215805471
SOYWTAM12A8C134D3F 410 105 3.9047619047619047
SOZCGCF12A67AE0DFA 286 92 3.108695652173913
SOBONKR12A58A7A7E0 92026 9779 9.410573678290215
SOFJKKA12A6D4F7007 140 30 4.666666666666667
SOGUEPW12A6D4F7D86 386 80 4.825
SOLXJCW12A8C1408F4 402 93 4.32258064516129
SONGMUD12A58A7A8D6 197 32 6.15625
SOOEQSA12AF729BE63 526 90 5.844444444444444
SOQWHFM12A8C138FF8 1519 366 4.1502732240437155
SOTDXNO12AB0183695 248 45 5.511111111111111
SOUTILY12A6D4F6967 151 32 4.71875
SODYLVD12AB0182BEE 419 100 4.19
SOEEYKC12A6701DE4E 450 96 4.6875
SOGLKSX12AB018ADDA 204 58 3.5172413793103448
SOLXZIM12AB0186EEE 196 35 5.6
SOMSKEO12B34F1C2FE 481 75 6.413333333333333
SONYTLI12AAF3B4C12 518 61 8.491803278688524
SORBCRG12A6D4F8440 797 218 3.6559633027522938
SOUPIYD12A6701DD0B 1059 171 6.192982456140351
SOCSHSP12A58A764C5 136 44 3.090909090909091
SOJDXLI12AF72ABB7E 524 131 4.0
SOMNDXJ12A6D4F8143 222 54 4.111111111111111
SOMSLSZ12AF72A3AE1 266 77 3.4545454545454546
SONAMGX12A8C13545C 951 201 4.731343283582089
SOVOBHS12A67AE0436 808 177 4.564971751412429
SOWGOUK12A8C136AA6 457 84 5.440476190476191
SOWTAVD12B0B8090C2 400 125 3.2
SOZTEZR12A8C14204B 3696 64 57.75
SOBYPJQ12A8AE49965 305 37 8.243243243243244
SOCCSES12AB017F676 793 134 5.917910447761194
SOCDJBI12A8C13E132 216 60 3.6
SODOWVU12A6D4F7AD7 170 42 4.0476190476190474
SOEHLKV12A582915A8 607 103 5.893203883495145
SOIMFOG12AB017D053 409 80 5.1125
SOJVSNL12AB0186052 506 93 5.440860215053763
SOWNIWL12AB017B720 2646 604 4.380794701986755
SOWRMCR12A8C13BA98 1844 322 5.726708074534161
SOXWHJD12AB018606C 488 85 5.741176470588235
SODTPBM12A8C1339D7 436 69 6.318840579710145
SOEXAZO12AB0188018 400 55 7.2727272727272725
SOFVXWZ12AB018199C 211 50 4.22
SOGXATX12A8C13AD09 779 188 4.1436170212765955
SOJDIFO12A81C23BA0 404 77 5.246753246753247
SOLJUII12A8C132210 123 40 3.075
SORPAJB12AB0184D93 854 119 7.176470588235294
SOTFGMT12AB0182B39 270 87 3.103448275862069
SOWEDFP12A6D4F7D15 986 174 5.666666666666667
SOYRLND12AB018065C 878 97 9.051546391752577
SOCBSZW12AB01891C1 1941 268 7.242537313432836
SOGXOJX12A8C131F33 455 93 4.89247311827957
SOMLQKQ12A6D4FB7BB 128 34 3.764705882352941
SOQRXGV12AB018204B 957 182 5.258241758241758
SORDILD12A6D4F862A 555 111 5.0
SOWPRDO12A8BEEEB45 1551 367 4.226158038147139
SOXAEDL12A58A7D7C3 184 51 3.607843137254902
SOXFQVY12A58A7B456 801 125 6.408
SOXOBZN12AB017F2FC 192 58 3.310344827586207
SOGKBUP12A8AE46251 311 72 4.319444444444445
SOHXUZG12A67ADAF26 461 107 4.308411214953271
SOJPMXY12A6D4FA44D 212 55 3.8545454545454545
SOJSXJY12A8C13E32E 5348 324 16.506172839506174
SOJUVXX12AB017CD86 192 40 4.8
SOSLIKM12A8C132D36 209 65 3.2153846153846155
SOVIYKB12A6D4F936B 717 97 7.391752577319588
SOXBRKW12A8C142084 979 277 3.5342960288808665
SOXXGLL12AB018816F 123 33 3.727272727272727
SOZYNFV12AB0186910 143 35 4.085714285714285
SOANMWU12A6D4F9246 492 123 4.0
SOCNIFM12A8C13D73B 1985 343 5.7871720116618075
SODHZSM12A58A7B5D9 998 167 5.976047904191617
SOEUHTG12AF729DFDA 355 62 5.725806451612903
SOFZWTX12A8C138B1D 741 97 7.639175257731959
SOIYKFR12A6D4F6FC6 501 75 6.68
SOKYHYL12A8C13D79D 4418 735 6.010884353741496
SOLQNHQ12AB01876C0 205 40 5.125
SORMLZF12A8C143FFA 1881 361 5.2105263157894735
SOUEUYT12A58A7DB62 997 209 4.770334928229665
SOUZBWJ12A81C20786 471 65 7.246153846153846
SOWEMAL12A8C13C964 149 35 4.257142857142857
SOWHSGK12A6D4FC429 987 112 8.8125
SOAXDJU12A6D4F8B8B 257 85 3.023529411764706
SOCPRSC12A8C13B758 414 101 4.099009900990099
SOCWQYO12A58A79FE8 253 73 3.4657534246575343
SOEXXMC12AB0185DF3 1332 240 5.55
SOGDNAW12A6D4F6804 317 106 2.990566037735849
SOKNLRS12A6D4F88C6 276 71 3.887323943661972
SOLKQSX12A81C22C26 233 66 3.5303030303030303
SOLVHIW12A8C13BA03 838 119 7.042016806722689
SOMUZNU12AB0189B5D 569 103 5.524271844660194
SOODRHW12A6310D8FF 1148 202 5.683168316831683
SOOQPPL12AB017D2E3 877 212 4.136792452830188
SOPCUJU12AB01849C9 268 71 3.7746478873239435
SOPEFDW12AF72A1709 1495 240 6.229166666666667
SOSJLGH128A6A731D4 1325 237 5.590717299578059
SOVFUBL12A6D4FB9C4 500 91 5.4945054945054945
SOBRXTB12AF729DCCC 310 68 4.5588235294117645
SOCKJWI12AB018006A 581 118 4.923728813559322
SOEOLGZ12A8C134706 2530 368 6.875
SOHYDID12A6D4F781C 1107 284 3.897887323943662
SOJQWUD12AB017DD5E 1237 256 4.83203125
SOMZGMD12A8C133F5C 519 87 5.9655172413793105
SOOVNRY12AC4687A73 694 137 5.065693430656935
SOPHQGD12AB018561A 241 41 5.878048780487805
SOPKFQB12A67ADBAD6 1012 138 7.333333333333333
SOQQAAQ12A67ADE34D 3787 616 6.1477272727272725
SOQQXKG12A6701C4D6 1808 330 5.4787878787878785
SORKJDN12A6701DB1E 350 68 5.147058823529412
SOTXMEN12A8AE46A2F 355 94 3.776595744680851
SOWUTFF12A8C138AB2 2695 658 4.095744680851064
SOYVKLY12A6D4F7C54 473 70 6.757142857142857
SOZNLBZ12A6D4F639E 2658 502 5.294820717131474
SOBYCXP12AF72A0F3C 363 75 4.84
SODPSYG12A8C145EBF 848 184 4.608695652173913
SOFZNFR12A8C1395E5 1391 242 5.74793388429752
SOGYKBJ12AB017E69C 429 51 8.411764705882353
SOHFJGK12A6D4F5BC0 833 142 5.866197183098592
SOJFTWE12A8AE48F98 1488 280 5.314285714285714
SOMREOC12A8C13C150 155 31 5.0
SONRPSU12A6D4FB11E 248 72 3.4444444444444446
SOOWHXW12A6D4F93C6 574 87 6.597701149425287
SOXQALX12AB0181468 399 103 3.8737864077669903
SOAKWFZ12A8C1389E7 802 208 3.855769230769231
SOFRIRU12AB017E62D 1278 290 4.406896551724138
SOKIYKQ12A8AE464FC 1779 351 5.068376068376068
SOLQKSP12A8C1358B0 288 35 8.228571428571428
SOLQMRL12A58A7BE80 408 80 5.1
SONEBAU12AB017F89C 547 125 4.376
SOOMGGT12AB01810FB 1898 347 5.469740634005763
SOXPOOA12AB017EB5D 457 76 6.0131578947368425
SOBCXCW12A8C13BFDD 299 62 4.82258064516129
SOHJIDD12AB0183260 620 182 3.4065934065934065
SOKSMZU12AB01867E9 1558 355 4.3887323943661976
SOLGDVJ12A6D4F67A6 276 66 4.181818181818182
SOMEUNQ12A81C1F8D0 156 43 3.627906976744186
SOOHWRZ12AC468BA59 2193 453 4.841059602649007
SORLCSH12AC468AA19 132 39 3.3846153846153846
SOTNTVK12A8C13C4CF 267 87 3.0689655172413794
SOTVLHC12A6701EA31 3023 337 8.970326409495549
SOXHXQS12A8C13EB17 309 70 4.414285714285715
SOZIREF12A8C13FF74 366 88 4.159090909090909
SOASLNT12A8C143BEB 286 76 3.763157894736842
SOBKTVL12A8C13C031 202 61 3.3114754098360657
SOEJSHI12A6D4F6674 911 124 7.346774193548387
SOGUCOM12A6D4F80D2 247 65 3.8
SOGYNZW12A8C1388A4 478 92 5.195652173913044
SOGYYXK12A8C13C2C4 359 93 3.860215053763441
SOKFZOO12A6D4FD67E 169 47 3.595744680851064
SOMLKZO12AB017F4AE 250 60 4.166666666666667
SOUKCHR12A6D4F965F 277 67 4.134328358208955
SOJSCKJ12A8C1455E5 2100 358 5.865921787709497
SOMHKRF12AC3DF60C1 295 45 6.555555555555555
SORGKYQ12AB0181C87 284 67 4.2388059701492535
SOUZRZK12A8C13FF59 871 158 5.512658227848101
SOVBGJV12A6701C53F 928 160 5.8
SOVTIVK12A58A77D93 304 70 4.3428571428571425
SOVVYFT12AB0182DFC 216 63 3.4285714285714284
SOXUOOB12A6D4FCD1C 449 125 3.592
SOYECTU12A8C13FECC 506 96 5.270833333333333
SOYEPOJ12A58A7BAE0 428 104 4.115384615384615
SOZCTXZ12AB0182364 105 52 2.019230769230769
SOZUQTN12A67ADD8AC 293 55 5.327272727272727
SOZUVYE12AB017CA2D 1224 305 4.0131147540983605
SOEHYJQ12A6D4F8058 1424 264 5.393939393939394
SOHQBNE12A58A797DA 868 143 6.06993006993007
SOKOSPK12A8C13C088 2816 434 6.488479262672811
SONGEAP12AB01891CD 927 199 4.658291457286432
SOPKTFQ12A67021600 430 93 4.623655913978495
SOVPQLE12A6D4F9E5D 118 46 2.5652173913043477
SOZCFFJ12AB0181564 1208 123 9.821138211382113
SOZMBXS12A6D4F84D5 627 143 4.384615384615385
SOEPPEZ12AB01831A2 93 26 3.576923076923077
SOKRPTN12AB0187746 108 28 3.857142857142857
SOLHYCY12A8C14118A 250 65 3.8461538461538463
SONIKQT12A8AE475DF 709 115 6.165217391304348
SOQHOUQ12A6D4F8DA9 1864 331 5.6314199395770395
SOTFJLZ12A8C136378 326 99 3.292929292929293
SOCGMIW12AB018030A 1052 173 6.08092485549133
SOCPJGO12AB017DD6C 410 111 3.6936936936936937
SOFKMNV12A8C138EE2 62 25 2.48
SOGETEU12A8C1410AA 953 278 3.4280575539568345
SOHFGKG12A6701C429 3862 659 5.860394537177542
SOHRVMG12A6701D226 296 88 3.3636363636363638
SOIKPEL12A6D4FAEE1 462 78 5.923076923076923
SOKZEGL12AB0187199 199 38 5.2368421052631575
SOMPPAS12A8C13385B 897 180 4.983333333333333
SONGYFE12AB018562D 4002 630 6.352380952380952
SOOBWQB12A81C1FCE0 176 44 4.0
SOPABZM12A6D4FC668 4352 1033 4.21297192642788
SOPDAJH12A6D4F72C5 205 55 3.727272727272727
SOUSOKA12AB017D60C 269 30 8.966666666666667
SOHWTCP12A3F1EA9EB 304 99 3.0707070707070705
SOIKYAU12A8C134B6C 159 31 5.129032258064516
SOKYPKN12A81C221CC 45 23 1.9565217391304348
SOLWHOJ12A67020685 192 56 3.4285714285714284
SOMZWUW12A8C1400BC 446 89 5.01123595505618
SONKBOM12AC468D475 167 56 2.982142857142857
SONYEJG12AB0184882 294 52 5.653846153846154
SOOCURD12A81C21C23 152 62 2.4516129032258065
SOPOUWP12AB0189D25 1546 297 5.205387205387205
SOQXRUN12AC4689E24 954 236 4.0423728813559325
SOUMSTF12A6D4F8039 840 110 7.636363636363637
SOUTMKU12A58A78365 675 118 5.720338983050848
SOVDSJC12A58A7A271 35456 5616 6.313390313390314
SOVMADB12A8C137B96 1128 168 6.714285714285714
SOXNTCA12A6D4F7672 113 32 3.53125
SOBJJKU12A8C13B7F4 123 32 3.84375
SOIWWCQ12AF72A524C 1095 252 4.345238095238095
SOJUEFU12AC3DF97C2 2283 455 5.0175824175824175
SOLVFTV12A8C1437A2 321 81 3.962962962962963
SOMEJEH12A6D4FD320 1022 323 3.1640866873065017
SOOPLEF12AF729DD54 250 74 3.3783783783783785
SOQYZOY12A67ADE70F 1023 111 9.216216216216216
SOVUMDZ12A8C13E621 627 156 4.019230769230769
SOXGUDE12A8C139BC9 161 35 4.6
SOBZZER12A6D4F7FA6 290 48 6.041666666666667
SODNHZE12A67021067 257 59 4.3559322033898304
SOQANUA12AAF3B4628 1040 152 6.842105263157895
SORBHAK12A6D4FB36C 482 73 6.602739726027397
SORWLJM12A6D4F9C0C 2437 568 4.290492957746479
SOSFMNA12A8C13ABEB 629 144 4.368055555555555
SOSPAZZ12A8AE47E8B 401 90 4.455555555555556
SOTLHUV12A6D4FC541 2951 481 6.135135135135135
SOTYGBJ12A6D4FD257 158 56 2.8214285714285716
SOYAEBR12AB01853D9 1351 250 5.404
SOZILTV12AB018568D 122 33 3.696969696969697
SOFDZJT12A6D4F6952 230 85 2.7058823529411766
SOGBJDB12A6D4F42FD 562 106 5.30188679245283
SOGDCDH12A6D4F6C65 667 103 6.475728155339806
SOGFANM12AAA8C5066 385 96 4.010416666666667
SOHMOUJ12AB017E4AC 203 60 3.3833333333333333
SOSPSPH12AF72A72D9 1867 357 5.2296918767507
SOSXZRY12A8C1442F0 720 156 4.615384615384615
SOVYFQH12AB018226C 1073 115 9.330434782608696
SOYMOZI12AB0184605 289 89 3.247191011235955
SOZGXYF12AB0185579 763 81 9.419753086419753
SOBKSGN12AB0184549 247 63 3.9206349206349205
SOFVZOQ12AB018146B 411 23 17.869565217391305
SOJJUKR12AB018509A 703 182 3.8626373626373627
SOKJXXJ12A3F1EAF40 270 60 4.5
SOKWZFU12AF72A0AFB 520 86 6.046511627906977
SOLMGYY12A6D4F9ADD 1021 187 5.459893048128342
SOPZZGL12AB0185FA4 476 91 5.230769230769231
SOQJYWS12A67AE0EC9 351 95 3.694736842105263
SOVLJKG12AB0185395 187 61 3.0655737704918034
SOVUWOY12AB0181A03 139 40 3.475
SOYPWKK12A8C136494 2307 433 5.327944572748268
SOALYAV12A8C133DC2 263 58 4.5344827586206895
SOMVZEF12A81C2222F 240 64 3.75
SONPAHG12A8C13E130 354 66 5.363636363636363
SOPBIUR12A8C13FF6A 264 74 3.5675675675675675
SOQDNFX12A8C144436 349 88 3.965909090909091
SOUHXGP12A8C13FDD3 1095 210 5.214285714285714
SOVDUYI12A8C139EBE 670 74 9.054054054054054
SOBTRZD12A58A78352 270 59 4.576271186440678
SOEVDEP12AB017C486 112 28 4.0
SOKBRAQ12A6D4F8FEC 812 160 5.075
SOKRIMP12A6D4F5DA3 3054 620 4.925806451612903
SOOSJKP12AB01859E2 183 39 4.6923076923076925
SOOVKNK12A6D4FAF8B 411 98 4.1938775510204085
SORAJXX12A6D4F825F 329 99 3.323232323232323
SOUWEJS12AB01868A4 2320 403 5.7568238213399505
SOGMOWB12A679AE595 144 42 3.4285714285714284
SOJSZGV12A8C14385E 153 66 2.3181818181818183
SOLGEYS12A58A81B87 198 53 3.7358490566037736
SOLHOML12A6D4F9977 302 60 5.033333333333333
SOOIFDD12A8C13C468 368 126 2.9206349206349205
SOQHOZP12A58A7CEB1 361 118 3.059322033898305
SOSXQAY12A8AE48B67 954 208 4.586538461538462
SOVNVDU12AC95F087F 259 65 3.9846153846153847
SOXZAWQ12A6D4F89FE 252 80 3.15
SOZFMHK12AAF3B35B1 626 150 4.173333333333333
SOAYATB12A6701FD50 3484 796 4.376884422110553
SOEXOBH12A8AE45D9F 206 56 3.6785714285714284
SOMAKIT12A58A7E292 1628 444 3.6666666666666665
SONIQAM12AB018545A 368 121 3.041322314049587
SONPCAF12A81C21DE9 394 54 7.296296296296297
SOSPDRL12AB0181457 158 26 6.076923076923077
SOTIOJL12AB0184943 548 116 4.724137931034483
SOXTJOM12A6D4FC586 237 53 4.471698113207547
SOYDHXP12AB01849D4 1956 402 4.865671641791045
SOBFNRW12A6D4F7BCA 323 45 7.177777777777778
SOIALDY12A58A76D61 808 178 4.53932584269663
SOMEUED12A6701DBEA 2445 770 3.175324675324675
SOOEWFK12A8C141E20 392 55 7.127272727272727
SOUTPQD12A6D4F71D4 227 67 3.388059701492537
SOVMBVK12AC4688318 507 93 5.451612903225806
SOWJGOD12AAF3B53AF 1340 279 4.802867383512544
SOWQUWQ12A58A7B5BE 366 66 5.545454545454546
SOXYWRN12A8C13B7D2 680 118 5.762711864406779
SOZPRCF12A6D4F8206 144 34 4.235294117647059
SOZWBVE12AAF3B515C 238 73 3.26027397260274
SOCIPFM12A8C130DDB 440 70 6.285714285714286
SOGAGAT12A6D4FAF3D 2427 462 5.253246753246753
SOGMAVD12A6D4F490C 839 146 5.7465753424657535
SOOEGCA12A6D4F8B80 3610 476 7.584033613445378
SOWXJZL12AB017DBF1 320 43 7.441860465116279
SOYLWEJ12A6D4FB865 135 41 3.292682926829268
SOZVVRE12A8C143150 18768 3556 5.277840269966254
SOBBGTM12A6D4F6199 1104 250 4.416
SOCUYEH12A58A7AA8A 382 92 4.1521739130434785
SOCWIJA12AB017FA92 979 145 6.751724137931035
SOJHLCO12AB0185422 224 58 3.8620689655172415
SOJLDIQ12A58A7E506 197 50 3.94
SOJVRHN12A67ADE7DF 158 59 2.6779661016949152
SOKUBOH12A8C131BD1 1314 384 3.421875
SONENUZ12A8C14230C 1382 151 9.152317880794701
SOUZVNU12A67ADAB98 423 76 5.565789473684211
SODVBSW12A58A80F06 364 76 4.7894736842105265
SODXMAY12AB018A399 143 28 5.107142857142857
SOGIABD12A6D4F6F98 705 111 6.351351351351352
SOKMPBE12A58A7C3B4 337 70 4.814285714285714
SOLAWKK12A81C2367A 275 79 3.481012658227848
SOOBLXH12A81C21756 329 68 4.838235294117647
SOQEHDN12A81C216A7 210 55 3.8181818181818183
SOTJCCK12A58A7C1C8 100 39 2.5641025641025643
SOVOGCY12A67AE17C9 378 85 4.447058823529412
SOXNLQG12A8C141604 133 70 1.9
SOXUQNR12AF72A69D6 873 124 7.040322580645161
SOAREWP12A8C132F0F 398 98 4.061224489795919
SOBWRTW12AB018825D 621 149 4.167785234899329
SODRXXV12A8AE47245 608 86 7.069767441860465
SOKAQBY12AB0185614 2351 552 4.259057971014493
SOMAOJJ12A8C1373E2 150 39 3.8461538461538463
SONGPEA12AB0181192 201 54 3.7222222222222223
SOBDKVR12A8C13E705 356 62 5.741935483870968
SOEKNHF12A3F1E9B8E 206 65 3.169230769230769
SOHBXAS12AB01892D3 232 73 3.1780821917808217
SOHXWUX12AB01821DC 1609 318 5.059748427672956
SOJJMAQ12A6D4F6833 298 79 3.7721518987341773
SOJWLLS12A6BD5315F 286 102 2.803921568627451
SOVDMAN12A8C13C520 297 69 4.304347826086956
SOYEYNW12AB017F385 336 93 3.6129032258064515
SOARTRF12AB0181F4D 1062 265 4.007547169811321
SOBAKDJ12A8C13E557 518 106 4.886792452830188
SOCDDVZ12A8C1326E9 539 85 6.341176470588235
SOERSBA12A6D4F9823 1782 212 8.40566037735849
SOIBUWO12A8AE48AC4 637 117 5.444444444444445
SOJSRFH12AB018916A 221 47 4.702127659574468
SOKJNHT12A6D4F8858 142 43 3.302325581395349
SOMSOXH12A67ADD011 864 163 5.300613496932515
SONETQG12AF72A16FF 3300 692 4.76878612716763
SOURSOL12AB01826A9 286 79 3.6202531645569622
SOVQSQZ12A8C13F960 925 148 6.25
SODPDWG12A6701F950 372 80 4.65
SOEXCZJ12A8C138919 245 53 4.622641509433962
SOIBLLT12A58A7BA40 276 69 4.0
SOIVUAR12A6D4F45F3 834 120 6.95
SOIZQBO12A6D4F6356 236 71 3.323943661971831
SOMJYYH12A67020C64 170 54 3.1481481481481484
SONHGGH12A8C142B99 160 46 3.4782608695652173
SONOGLO12A6D4F824C 507 84 6.035714285714286
SOOZQNS12A8C13B646 521 112 4.651785714285714
SOPYRES12A6D4F5DD0 743 106 7.009433962264151
SOURSIU12A8C140B9A 1638 208 7.875
SOWFAEL12A8C13F43D 134 34 3.9411764705882355
SOYNXES12A8C133A4F 386 73 5.287671232876712
SOAWFST12AF72A12DF 326 42 7.761904761904762
SOCSCRC12AB017C60C 877 146 6.006849315068493
SODTUUD12AB017EA8B 250 70 3.5714285714285716
SOHKZSM12A8C13E5D5 2386 494 4.82995951417004
SOLRJXU12AB018BB55 278 93 2.989247311827957
SOONRET12A6701FC57 141 42 3.357142857142857
SOQQQMM12A6310DFCC 3022 513 5.89083820662768
SOVFHAQ12A8C13BAA9 2174 310 7.012903225806451
SOVODOL12AB01805D5 654 164 3.9878048780487805
SOVXSZO12A8C13FD2C 313 95 3.294736842105263
SOWFCYW12A58A79ED6 249 74 3.364864864864865
SOXVFEY12A6D4F7B25 538 120 4.483333333333333
SOCFRBD12A6D4F752E 517 90 5.7444444444444445
SODWLOQ12AB017EC73 513 114 4.5
SOGIFFP12A6701BF53 275 54 5.092592592592593
SOMBAVX12AF72AC99C 1583 413 3.8329297820823243
SONIIYT12A58A7E0AF 1026 254 4.039370078740157
SOWHYSP12A8C142A21 1444 320 4.5125
SOWKXQS12A8C1343A6 1858 437 4.251716247139588
SOZAFEL12AB0187CD5 194 60 3.2333333333333334
SOZGGXU12A67ADD3E4 686 78 8.794871794871796
SOZMSLR12A6701FDA7 175 31 5.645161290322581
SOAJFLK12A6D4FB536 512 139 3.683453237410072
SOGKQRK12A58A7F082 279 91 3.065934065934066
SOGLRAT12A6D4FC502 698 168 4.154761904761905
SOJMQRQ12AB01848A5 210 72 2.9166666666666665
SOOTZLZ12A67ADE66C 805 185 4.351351351351352
SOPSOHT12A67AE0235 25437 4998 5.089435774309724
SOQHKIC12A8C138AA6 280 54 5.185185185185185
SOVACDI12AB0183892 226 73 3.095890410958904
SOVEDEE12A6D4F5783 472 50 9.44
SOXYRUW12AC468B774 258 50 5.16
SOCYNBY12A6D4F8712 242 59 4.101694915254237
SODHOQC12AB018247D 681 79 8.620253164556962
SOGNVXA12A8C14373F 802 158 5.075949367088608
SOHTMRO12A6D4F8B08 211 64 3.296875
SOJGUSJ12A8C1363A2 1455 307 4.739413680781759
SOTEFAP12AB01844B9 333 60 5.55
SOURDOP12A58A7EF02 453 137 3.3065693430656933
SOWWXRG12AF72A6680 355 82 4.329268292682927
SOALKBV12A6D4F6EE2 947 251 3.7729083665338647
SOAVGOD12A6D4F7783 1249 256 4.87890625
SOAWMKQ12A8C13C340 161 54 2.9814814814814814
SOKOANP12A81C235A1 148 40 3.7
SOKZRDM12A58A7F99C 1311 207 6.333333333333333
SOOMUUY12A58A7B0EA 1086 273 3.978021978021978
SOPQGDG12AB018200B 809 136 5.948529411764706
SORCTZI12A6D4F7B13 739 182 4.06043956043956
SORYMDH12A58A7F8E0 238 48 4.958333333333333
SOSQMKE12AB018A380 213 58 3.6724137931034484
SOTCMDJ12A6D4F8528 31950 6122 5.218882718065991
SOWUPBS12A8AE476BE 168 53 3.169811320754717
SOXIHJJ12A8C144092 227 55 4.127272727272727
SOBYHXK12A58A77D7A 417 69 6.043478260869565
SOEAYEY12A6D4F913B 161 35 4.6
SOHYWBB12A6D4F82CF 216 56 3.857142857142857
SOIDMQZ12A58A7D6BF 681 104 6.548076923076923
SOJUFBJ12A81C20A65 75 28 2.6785714285714284
SOKDPMJ12A8C130578 1082 107 10.11214953271028
SOMOANH12A6D4F7A56 253 59 4.288135593220339
SOOIVGQ12A67020496 205 51 4.019607843137255
SOPNMLL12AB018775A 969 206 4.703883495145631
SOPYZGJ12A8C13D515 630 151 4.172185430463577
SOUSJFU12AB018460D 130 33 3.9393939393939394
SOVKMDH12AB018AA60 214 73 2.9315068493150687
SOJKDQL12A6701EAF3 209 43 4.8604651162790695
SORELXZ12A8C13892F 436 68 6.411764705882353
SOSOYDG12A8C13A70D 228 39 5.846153846153846
SOTHHRK12A6D4F719D 599 105 5.704761904761905
SOUXMUL12A6D4FBD08 487 115 4.234782608695652
SOVJHPQ12A8C1328E0 126 44 2.8636363636363638
SOXQBCW12AB018704A 444 70 6.3428571428571425
SOXSUQZ12A8C14267D 225 40 5.625
SOYILTZ12A6D4F88A0 398 79 5.037974683544304
SOCUDQZ12AB01834A0 537 113 4.752212389380531
SODNENZ12A58A79DA2 446 126 3.5396825396825395
SOENMEA12A8AE4881A 362 88 4.113636363636363
SOEQRGU12AAF3B2A0C 330 52 6.346153846153846
SOEZYNT12A8C13A290 212 69 3.072463768115942
SOIVVCU12AB017E7D3 257 59 4.3559322033898304
SOVMOPY12A8AE45F65 791 136 5.8161764705882355
SOWGJTU12AB017FEF6 570 100 5.7
SOEGIYH12A6D4FC0E3 54743 8999 6.083231470163351
SOHYXAX12AB0188403 262 60 4.366666666666666
SOPRVRS12AB0183966 466 102 4.568627450980392
SOQGQSM12A6310E27D 335 91 3.681318681318681
SOUNJIO12AB0181339 25097 5805 4.32334194659776
SOWDNAY12A8C1354A4 701 142 4.936619718309859
SOXQIUR12A8AE4654A 1730 178 9.719101123595506
SOZZLTY12A67AE0AD0 320 87 3.67816091954023
SOAGNIK12AB017D37C 736 104 7.076923076923077
SOAHPZT12AB017DED6 195 60 3.25
SOFLAPD12AB0188B62 442 108 4.092592592592593
SOKPCJJ12AB017D677 703 151 4.655629139072848
SOLZCIF12A67AE0DF1 1562 395 3.9544303797468356
SOMXXUD12A6D4FC0B1 372 110 3.381818181818182
SONEVJB12A8C13FCA7 398 69 5.768115942028985
SONVDBZ12A58A7A571 231 29 7.9655172413793105
SOPUCYA12A8C13A694 46390 8010 5.7915106117353305
SOPVWGF12A8C13A0CF 677 136 4.977941176470588
SOQEPOY12A58A7CEE9 2408 415 5.8024096385542165
SOQZQNK12A81C1F9D0 1881 341 5.516129032258065
SORJICW12A8C13640D 22869 4266 5.360759493670886
SOSBIVM12A58A7B7A0 114 42 2.7142857142857144
SOWTLYJ12A8C13BC7C 1269 232 5.469827586206897
SOWTYVO12AB0180BDA 1425 415 3.433734939759036
SOXAHKA12AF72A5A65 3540 650 5.446153846153846
SOYEOHX12A6D4FAAF0 499 114 4.37719298245614
SOZYBTI12A8C141B18 370 108 3.425925925925926
SOBIPDF12A8C1360A2 385 101 3.8118811881188117
SODULEM12A6D4F8916 603 96 6.28125
SOIBVVJ12A58A7BA53 131 41 3.1951219512195124
SOOGNOZ12AAF3B2936 7812 1258 6.209856915739269
SOWLXQT12A8C136E16 1038 168 6.178571428571429
SOGFLUO12A6701ED16 973 217 4.483870967741935
SOGXSJZ12A8AE45AAD 927 164 5.652439024390244
SOHYAJD12A8AE47C36 1509 341 4.425219941348973
SOOSIWM12A670202B9 1109 194 5.716494845360825
SOSDGUX12AB01802FE 1384 368 3.760869565217391
SOSWLPN12A67AE0DFD 1550 276 5.615942028985507
SOTTGNU12A67020491 457 129 3.5426356589147288
SOUFIYP12A6D4FB033 295 52 5.673076923076923
SOULFDM12A58A7D237 406 78 5.205128205128205
SOVHCDP12A6701F3B2 397 69 5.753623188405797
SOAIWCC12AC907107C 466 104 4.480769230769231
SOGABHS12A6D4F8A72 582 104 5.596153846153846
SOIHRJH12A6D4F8ABF 249 75 3.32
SOLJWLP12AB0186514 484 66 7.333333333333333
SONGTTS12A6701E59A 1968 434 4.534562211981567
SOOKSKE12A8C144C04 125 35 3.5714285714285716
SOSFKWY12AB01831C7 246 40 6.15
SOSTVKN12A8C13A2DF 552 167 3.305389221556886
SOTNCRW12A8C13BBA9 494 134 3.6865671641791047
SOWYTGO12A8A9D93F5 1459 257 5.6770428015564205
SOCMLNJ12A8C13AEC8 258 63 4.095238095238095
SOCZKYZ12A8C13C748 1092 253 4.316205533596838
SODCOYD12AB0189093 587 107 5.485981308411215
SODGDUR12A6D4F97C4 93 27 3.4444444444444446
SOGGXNH12AB018D2AC 532 93 5.720430107526882
SOIUPMS12AB0187620 482 83 5.807228915662651
SOJDXSK12AB0184604 101 38 2.6578947368421053
SOPVCWI12A8C135F14 127 38 3.3421052631578947
SOUVIUP12A6D4F7682 184 49 3.7551020408163267
SOVDFHR12A6D4F8A28 382 70 5.457142857142857
SOZZRTS12A6D4F9B1B 121 35 3.4571428571428573
SOAZZRU12AB0182B0E 3268 481 6.794178794178794
SOBJKAC12AB017E1DC 534 176 3.034090909090909
SOBVYNO12A8C140601 665 137 4.854014598540146
SOCNLEI12A67021565 3846 744 5.169354838709677
SODAYSB12AB0180406 655 151 4.337748344370861
SOFGWPQ12A8C131BB8 935 84 11.130952380952381
SOHMTUC12A58A799D4 346 86 4.023255813953488
SOLWZWX12A8C139CD3 262 76 3.4473684210526314
SORTDVT12A8AE46092 683 185 3.691891891891892
SOWSPUS12AC468BEE3 4452 758 5.87335092348285
SOWVYSX12A6701E9DA 169 54 3.1296296296296298
SOBSGZI12A8C13F8DF 1781 292 6.0993150684931505
SOCRWTG12A8AE47DCA 600 129 4.651162790697675
SOGRAGY12A6D4F7248 3461 659 5.251896813353566
SOHYLXU12A8C139492 3459 702 4.927350427350428
SOJRJUA12A8AE48F78 639 119 5.369747899159663
SOLQFBS12AF729BCCA 971 267 3.636704119850187
SOQKWEY12A58A7B323 778 160 4.8625
SOQVLID12A6D4FB11A 226 65 3.476923076923077
SOUOMNX12A8C139005 226 72 3.138888888888889
SOWBYMO12A8C13B7A5 235 59 3.983050847457627
SOAPUFN12AB017FF03 44 25 1.76
SOBPNGU12A6D4F76F5 581 88 6.6022727272727275
SOHGEAV12A81C22D02 129 36 3.5833333333333335
SOHPNUP12A8C1431B4 1368 273 5.010989010989011
SOKWYIS12A6D4F90BA 318 81 3.925925925925926
SOSOTRB12A67AD827B 234 58 4.0344827586206895
SOSXPAM12A8C145A3E 209 61 3.4262295081967213
SOXAAFS12A8C14041D 2415 504 4.791666666666667
SOERPRE12A58A7E653 2127 213 9.985915492957746
SOESNDU12AB01856BA 467 105 4.447619047619048
SOETDYF12AC3DF976C 562 100 5.62
SOGUEBY12AB0181E03 383 85 4.5058823529411764
SOLVMUD12A8C13A7DD 139 49 2.836734693877551
SOUAWVS12A6D4F606C 224 78 2.871794871794872
SOWDABI12AB0187625 214 52 4.115384615384615
SOFGIVB12A6D4F5923 2114 576 3.670138888888889
SOFPPNM12AB01852A3 366 132 2.772727272727273
SOIOZPV12A58A7880B 2229 387 5.75968992248062
SOIPSCR12A8C143947 434 112 3.875
SONIKWY12AB01891D5 328 66 4.96969696969697
SOVXMAI12AB0187A05 185 39 4.743589743589744
SOXXSVC12A582A242D 975 79 12.341772151898734
SOAOAHZ12A8C13AAF1 3583 685 5.23065693430657
SOBPOHI128F57D02BF 1386 252 5.5
SODOXQU12A8C139780 339 86 3.941860465116279
SODZOAU12A6D4F935A 353 78 4.5256410256410255
SOEVJCY12A6D4F7711 736 140 5.257142857142857
SOMTWGG12A8C133C7A 332 71 4.676056338028169
SOTMAZH12A58A795FB 566 107 5.289719626168225
SOYDXIO12AB018343A 151 47 3.2127659574468086
SOZFGBY12A6D4FCEBB 291 42 6.928571428571429
SOAIQOC12AC90715CC 172 33 5.212121212121212
SOBHDCI12A8C136941 257 51 5.03921568627451
SOCHSJD12A6D4F926E 870 152 5.723684210526316
SOCZQCY12AC468E40F 419 95 4.410526315789474
SOFXZAW12A67ADC90E 737 200 3.685
SOGBOQX12A8C139DF7 781 104 7.509615384615385
SOGWEOB12AB018A4D0 244 48 5.083333333333333
SOKBEZD12A8151BA68 328 106 3.0943396226415096
SOKWGBI12A6310F1B8 1836 333 5.513513513513513
SOMCBFH12A8C13C69D 276 64 4.3125
SOPRNYR12A67AD75FB 108 35 3.085714285714286
SOVABIW12A8C1341B9 712 139 5.122302158273381
SOWJNCP12A8AE48534 443 109 4.064220183486238
SOFISAN12AB017A43E 368 87 4.2298850574712645
SOFSIOF12A6D4F841E 239 46 5.195652173913044
SOGHARK12A58A7D128 285 45 6.333333333333333
SONATRO12A8C132E31 144 32 4.5
SOOSKQS12AB0182B7B 420 88 4.7727272727272725
SOQXBZN12AB018610A 1092 211 5.1753554502369665
SORAJPJ12AB017E057 289 76 3.8026315789473686
SOYQLYQ12A6D4F72EA 730 120 6.083333333333333
SOCNAXX12AAF3B3823 474 101 4.693069306930693
SODZVMN12AC3DF81C6 453 109 4.155963302752293
SOECNFX12A8C143CEA 1403 296 4.739864864864865
SOJNQZO12AF72AAE32 576 153 3.764705882352941
SOKNKJA12A8C13B72F 120 30 4.0
SOMEPLF12A58A7C777 494 116 4.258620689655173
SOMVUND12AB0184CFC 365 77 4.740259740259741
SOMXPSC12AB0189013 1384 306 4.522875816993464
SOSMBNX12A6D4FBC78 462 61 7.573770491803279
SOSMQCB12A6D4F8155 1126 220 5.118181818181818
SOTBQCY12A6D4F9E32 603 119 5.067226890756302
SOWNYGR12AB017C582 951 75 12.68
SOYBLYP12A58A79D32 967 158 6.120253164556962
SOZWJEP12A6310E1F5 229 73 3.136986301369863
SOATSWY12A8C132818 356 48 7.416666666666667
SOCDAMA12A6D4FB5B6 605 67 9.029850746268657
SOIRUXQ12A8C133060 1629 445 3.660674157303371
SONGJGI12AB01859E4 225 51 4.411764705882353
SOOHCLI12A6D4FBFE2 789 171 4.614035087719298
SOSMVOE12A6D4FD744 178 50 3.56
SOFOFLZ12A58A793C7 599 147 4.074829931972789
SOJJRCE12AB018691C 548 83 6.602409638554217
SOKRFXB12A58A7A585 677 173 3.913294797687861
SOOKRGE12A6D4FACC4 367 65 5.6461538461538465
SOOWXAQ12AB0188996 2067 687 3.0087336244541483
SOQAJJF12A8C145199 940 218 4.3119266055045875
SOSVYJF12AB018D718 221 66 3.3484848484848486
SOZIKLA12A8C134AE5 420 102 4.117647058823529
SOBHPPD12AB0186FEE 323 71 4.549295774647887
SODDWQK12A67AE01FE 380 52 7.3076923076923075
SOJXKXC12A8C13E0FE 198 53 3.7358490566037736
SONJXPP12A8AE48D26 1618 253 6.395256916996048
SOPURQO12A8C13EC4C 377 72 5.236111111111111
SOQOTSB12A8135777F 245 67 3.656716417910448
SOUGOHW12AB018AEA3 2023 400 5.0575
SOYQPNY12A6BD4D3C2 689 135 5.103703703703704
SOALISX12AB017FDE8 697 134 5.201492537313433
SOANETN12A58A7CE24 162 45 3.6
SOBQISY12A67ADE6C1 97 36 2.6944444444444446
SOCCDAW12A8C133D56 927 154 6.01948051948052
SOJUTYI12A8C13A1E6 232 67 3.462686567164179
SOMDVSL12A6D4F7230 3924 721 5.44244105409154
SONIGUJ12A8C13282A 450 101 4.455445544554456
SOOHOAE12AF729D88B 2854 521 5.477927063339731
SOPXRNS12AB0186314 428 96 4.458333333333333
SOQQSJA12A6D4F8D57 32 13 2.4615384615384617
SOSDVSH12A81356D41 2295 233 9.849785407725323
SOSXTUO12A6D4F916B 1511 348 4.341954022988506
SOWEHOM12A6BD4E09E 25852 5731 4.510905601116733
SOFDHGD12A8C1384AE 447 97 4.608247422680412
SOFNYQQ12A6D4F990B 284 42 6.761904761904762
SOIRBSX12A8C138459 250 60 4.166666666666667
SOJLBZX12AC468EEFA 497 111 4.4774774774774775
SOJYISZ12A8C135F5A 3253 445 7.310112359550562
SOKYUMV12AB0183408 254 62 4.096774193548387
SOOKGVW12A6D4FA2BD 1611 149 10.812080536912752
SOOMCXE12A8C140B66 493 88 5.6022727272727275
SOOWJZM12A6D4F7995 208 55 3.7818181818181817
SOUBXHB12A81C231CC 598 133 4.496240601503759
SOULYQW12A8C13708E 887 224 3.9598214285714284
SOUORPD12A8C13AE96 426 128 3.328125
SOWMUWQ12AF729E1E7 251 46 5.456521739130435
SOCWITY12A81C219BE 447 102 4.382352941176471
SOESCPO12A8C133658 499 122 4.090163934426229
SOFPNOY12A8C134D40 1225 181 6.767955801104972
SOJLHHK12A8C13CC07 327 61 5.360655737704918
SOJTLHC12A6D4F7FFE 886 181 4.895027624309392
SORBYJK12A6310DFA4 1033 154 6.707792207792208
SORWBFK12AF72A4BA9 343 108 3.175925925925926
SOSKTXE12A8C1384B0 409 52 7.865384615384615
SOVTQLS12A6D4F8350 2507 495 5.064646464646465
SOWPABD12A8AE48ABB 343 103 3.3300970873786406
SOZPOZG12A6D4FA43F 628 178 3.5280898876404496
SOBYWVY12AB018C13A 173 43 4.023255813953488
SOGOAGM12AB017E99E 727 194 3.747422680412371
SOOGAPF12A58A7AF90 99 40 2.475
SOPVNSQ12A58A7C862 205 35 5.857142857142857
SOVXXJJ12AC4686528 688 127 5.417322834645669
SOWVVBG12A6BD506F2 606 136 4.455882352941177
SOXCBEF12A8C146AFE 1641 352 4.661931818181818
SOXQCTW12A58A7B159 313 87 3.5977011494252875
SOXYIVW12A58A79989 595 151 3.9403973509933774
SOADQMO12A8C136FF9 837 108 7.75
SODINCN12A8C133486 785 165 4.757575757575758
SOFQIDA12A8C134E75 319 102 3.127450980392157
SOFSTPP12AAFF43630 838 133 6.3007518796992485
SOHPWNC12A6D4F7C60 401 121 3.3140495867768593
SOHYHVD12AC468E498 514 146 3.5205479452054793
SOJROPC12A6D4FBA2E 581 107 5.429906542056075
SOSSNAE12AB0186585 265 66 4.015151515151516
SOTKRQZ12A670214A2 172 47 3.6595744680851063
SOWJFZU12AB0184719 247 69 3.579710144927536
SOZNHLC12A8C1392E0 1359 186 7.306451612903226
SOASTSF12A8C1420B5 2580 608 4.243421052631579
SOBADLL12A6D4F8FEA 915 213 4.295774647887324
SOBGFRV12A8C136A2C 213 65 3.276923076923077
SOCRYUK12AC95F0772 452 85 5.317647058823529
SOEAUPV12A6D4F6956 292 37 7.891891891891892
SOEQABL12A6D4F992B 521 99 5.262626262626263
SOHSHPM12AB018AD86 90 31 2.903225806451613
SOIRGKA12A8C13DDAE 78 15 5.2
SOJDPRJ12A58A7A568 683 128 5.3359375
SOLKHUQ12AAF3B2F00 124 28 4.428571428571429
SOLTHPK12A58A7A679 491 95 5.168421052631579
SOQBYQC12A8C143F2A 2143 324 6.614197530864198
SORXKRH12A8AE47CEF 344 86 4.0
SOSWMGF12AF72A8FF1 565 172 3.2848837209302326
SOYRTVQ12AB018BD14 1333 202 6.599009900990099
SOACBLB12AB01871C7 3443 168 20.49404761904762
SOBNUTV12A58A7AFE0 391 82 4.7682926829268295
SODYZVS12A6D4F5E46 613 126 4.865079365079365
SOKZXYV12A8C134D23 408 74 5.513513513513513
SOMCYXR12AB01897B4 601 137 4.386861313868613
SOOMOCL12A8C1334B2 978 157 6.229299363057325
SOQGRBL12AF72A781E 324 89 3.640449438202247
SOQQTBB12AB0182F1D 1088 261 4.168582375478927
SOSYLXK12A8C13F738 294 66 4.454545454545454
SOYFLAW12AB018073C 89 30 2.966666666666667
SOZQASV12A6D4F87CB 632 166 3.8072289156626504
SOBZEAC12A6D4F8C72 256 43 5.953488372093023
SOGCGBA12AC3923C4F 609 91 6.6923076923076925
SOGCQJS12A58A7E12C 89 29 3.0689655172413794
SOHICUL12A6D4FA526 351 101 3.4752475247524752
SOLIFTZ12AB017AFED 2929 599 4.889816360601002
SOQVHDB12A6D4FB145 280 69 4.057971014492754
SOTHREZ12A58A77F2D 120 29 4.137931034482759
SOGWAXP12AB018267C 263 67 3.925373134328358
SOJPDQA12A6D4FA280 957 238 4.0210084033613445
SOLGLUC12AB018A8FA 16623 3942 4.21689497716895
SOLXEGO12A8C141830 316 88 3.590909090909091
SOMQSOC12A8C133BED 795 169 4.704142011834319
SOOLWCP12A6D4FB4EE 221 53 4.169811320754717
SOEUANM12A8AE47FD4 774 168 4.607142857142857
SOGBPMU12AB0188281 197 59 3.3389830508474576
SONLXHZ12AF729A980 410 81 5.061728395061729
SOOLDFH12A8C133405 521 46 11.326086956521738
SOPUHRM12A6D4F98CC 77 29 2.6551724137931036
SOSAZWK12AC468D8C2 1229 172 7.145348837209302
SOAOVVR12A8C134360 227 61 3.721311475409836
SOAPBTS12AF729BFB8 256 125 2.048
SOASWDH12A8C1325EE 1217 143 8.51048951048951
SODBRAP12A6D4F91CF 229 48 4.770833333333333
SOEVEST12A6310D7D1 336 91 3.6923076923076925
SOFJIZM12A58A7F878 857 191 4.486910994764398
SOIMTLU12A8C136EDD 273 53 5.150943396226415
SOMCAFM12A58A7B024 17753 4338 4.092438911940986
SOMGSOH12A58A7910D 188 26 7.230769230769231
SOUFWEW12AB0180EB7 3355 754 4.449602122015915
SOVIOSL12A6D4F6F68 657 65 10.107692307692307
SOXDRDR12AB0182FF3 608 189 3.2169312169312168
SOYTJVV12A8C13B2DC 637 154 4.136363636363637
SOZFXMR12A8C13F137 364 76 4.7894736842105265
SOBHPQK12A58A78E56 282 73 3.863013698630137
SOFZSAT12AF72A0806 2543 472 5.387711864406779
SOHHJYE12A8AE47599 1511 416 3.6322115384615383
SOISSYK12A6D4F78A8 1248 222 5.621621621621622
SOJMPTQ12AB018872B 392 77 5.090909090909091
SOJOJUN12A8AE47E1D 2141 558 3.836917562724014
SORIWEH12A8C13D4A6 846 124 6.82258064516129
SORSHEE12AB0182D32 252 46 5.478260869565218
SOSJSMY12A6D4FB662 232 46 5.043478260869565
SOTGNIO12AB0184317 1066 99 10.767676767676768
SOXAGPE12A6D4F9496 135 44 3.0681818181818183
SOHZDYL12A8C141C73 749 226 3.314159292035398
SOKFFUI12A6D4F9CB1 272 48 5.666666666666667
SOKUEJO12A6701F6CC 1459 290 5.031034482758621
SOMAKEB12A8C1322D2 835 148 5.641891891891892
SOMBSXE12AB0182E1C 201 56 3.5892857142857144
SONKBBH12AF72A59FE 424 143 2.965034965034965
SOONCUD12A8C1354CF 355 83 4.27710843373494
SOPLNED12A6D4F8039 544 106 5.132075471698113
SOQCXSG12A8C13949F 1471 352 4.1789772727272725
SOQPKDF12A8C141FA4 367 102 3.5980392156862746
SORUJYW12AB0182402 380 105 3.619047619047619
SOUUOXQ12AB018B792 378 108 3.5
SOWBCFF12A8C135719 269 63 4.26984126984127
SOWEJJI12AF72A42EE 586 134 4.373134328358209
SOZCXHW12A8C13AF62 767 99 7.747474747474747
SOZZHQT12AB018B714 1488 295 5.04406779661017
SOCABHM12AB0189A44 287 53 5.415094339622642
SOCVYIB12A67AD9521 562 124 4.532258064516129
SODGUIH12A8C13449A 838 211 3.971563981042654
SOHGYWI12A67ADCD65 279 57 4.894736842105263
SOIOHVE12AB018CA91 441 59 7.47457627118644
SOLYGVD12A8C13D526 253 62 4.080645161290323
SOMTVRZ12A8C13A987 2679 503 5.326043737574553
SOPNQTO12AB0186247 274 36 7.611111111111111
SORVGOO12A8C142847 118 48 2.4583333333333335
SOVLJHG12A81C21AA0 1379 361 3.8199445983379503
SOWHJOZ12A6D4F8614 449 101 4.445544554455446
SOWKKVL12A8C134D6B 2252 346 6.508670520231214
SOXDHNN12A6D4FC035 947 166 5.704819277108434
SOYZYIY12A67ADFA93 331 82 4.036585365853658
SOZJUSJ12A8C13C249 528 65 8.123076923076923
SOGTFWL12A6D4FB153 130 31 4.193548387096774
SOKUFQT12A6D4F73A9 294 75 3.92
SOMPCHB12A8C13475B 515 119 4.3277310924369745
SOQXLHM12A8C13CA11 166 37 4.486486486486487
SOTOBXA12A8C13FC3A 343 43 7.976744186046512
SOVMEMU12AB0183A92 165 48 3.4375
SOBPQSZ12A6D4FACBB 1400 298 4.697986577181208
SOEKPGE12A6D4FD5AE 405 78 5.1923076923076925
SOKYPQN12AF72A1F53 323 88 3.6704545454545454
SOLYUAL12AB017DC5A 411 98 4.1938775510204085
SONQEAO12A6D4F8CB3 259 53 4.886792452830188
SOPHSKF12A6D4F7341 261 41 6.365853658536586
SOPYSYN12A58A7A4EB 417 76 5.4868421052631575
SOQWDLS12A6D4F84CB 1000 156 6.410256410256411
SOQYDBH12AB0181018 446 112 3.982142857142857
SORHUJT12A8C13B85E 1334 213 6.262910798122066
SOUIPBC12A8C142A1A 963 191 5.041884816753926
SOZRYWL12A67ADD512 1088 304 3.5789473684210527
SOBZTDO12AB0185758 324 69 4.695652173913044
SOCHYMQ12A58A7C33C 285 73 3.904109589041096
SOEBPPM12AB0187E1C 359 75 4.786666666666667
SOEPRZM12A6D4F91D7 227 67 3.388059701492537
SOGQANL12A6701E099 1904 297 6.410774410774411
SOGRTXS12AB017CCFC 422 76 5.552631578947368
SONKGZB12A58A7C26E 127 37 3.4324324324324325
SONMMKG12A6D4F4661 2474 530 4.667924528301887
SOPGFGG12A8C136E3A 596 108 5.518518518518518
SOQCFMU12A6310D7D8 99 35 2.8285714285714287
SOQYBTP12A8C141F9E 459 126 3.642857142857143
SOXILJM12AB0184531 487 54 9.018518518518519
SOAAKPM12A58A77210 216 38 5.684210526315789
SOAPLSG12A8C13FBBD 449 88 5.1022727272727275
SOAWUML12A6D4F3FE1 190 60 3.1666666666666665
SOBRJNF12A8C13B63D 1169 282 4.1453900709219855
SOGBGZF12A6D4F6925 634 100 6.34
SOJHQCA128CB806336 718 171 4.1988304093567255
SOJJSWM12A6D4FA3CA 165 32 5.15625
SOJRSDU12A58A7CB2A 400 69 5.797101449275362
SOKGLWL12AB01846C1 335 50 6.7
SOKIPQH12AB0184609 195 44 4.431818181818182
SOMKXJL12AC3DF46BF 287 58 4.948275862068965
SONZLJF12A6D4FAEAD 699 105 6.6571428571428575
SOTUARP12A8C13CB54 7193 1569 4.584448693435309
SOUYKII12A58A7B86C 478 130 3.6769230769230767
SOVKPYR12A8C145C3E 1055 154 6.85064935064935
SOVKQYV12A8C141212 191 64 2.984375
SOVSPCM12A67ADE7A8 832 120 6.933333333333334
SOYXWHT12A8AE45D7A 116 29 4.0
SOACMJJ12A6D4FC66A 494 92 5.369565217391305
SODAMRS12A8C142682 220 56 3.9285714285714284
SOFETST12AB018759C 828 196 4.224489795918367
SOJZWSD12AB0180F33 138 59 2.3389830508474576
SOMMIXC12A6D4F9EF0 1068 212 5.037735849056604
SOOMUTD12AB0186387 268 50 5.36
SOQZYQH12A8AE468E5 17198 4364 3.9408799266727774
SOXRXHD12A8C1415FC 549 144 3.8125
SOXZOMB12AB017DA15 3924 970 4.045360824742268
SOZKDEA12AB0183183 1493 303 4.927392739273928
SOAZHRU12AB017FBB3 237 53 4.471698113207547
SOHWXEH12AB01821C2 155 63 2.4603174603174605
SOIOZHO12AB017FE5E 5321 688 7.734011627906977
SOONOZO12AC3DF6CC4 1279 258 4.957364341085271
SORIEEB12A58A7CB6E 378 91 4.153846153846154
SOTFATN12A6D4FA74D 479 98 4.887755102040816
SOVJMQZ12A8C142C5A 618 62 9.96774193548387
SOWEFXC12A6D4FA230 1688 261 6.467432950191571
SODNAZG12A6701FDB6 233 48 4.854166666666667
SODNZXW12AB0183803 255 52 4.903846153846154
SOJEBJO12A6701C322 501 86 5.825581395348837
SOLXJTM12AB0182AC4 279 69 4.043478260869565
SOQDXRE12A8C13B62E 209 44 4.75
SOAUWYT12A81C206F1 85326 9867 8.647613256308908
SODFETU12AB01848F3 268 64 4.1875
SOHYTES12AB017D997 702 131 5.358778625954199
SOMBGAL12AB0181F7F 3304 608 5.434210526315789
SOMBWJN12AB018A37A 261 40 6.525
SOSIMEH12A6D4FA5DE 200 53 3.7735849056603774
SOUONKG12A6D4F7302 327 67 4.880597014925373
SOVEDOZ12AB01873A1 2035 222 9.166666666666666
SOYDHRV12AB0182B37 329 83 3.963855421686747
SODIPNG12A6D4F79B4 256 65 3.9384615384615387
SODIQYP12AB01837D7 462 97 4.762886597938144
SOIEGWA12AAF3B3D2A 193 58 3.3275862068965516
SOIZFTE12AB0186842 28404 5228 5.433052792654935
SOLUFLW12AB0185189 346 86 4.023255813953488
SOMBRZU12A8C13E6F9 155 37 4.1891891891891895
SOSYJNW12A67AE1B92 317 78 4.064102564102564
SOWAROE12A58A7B759 306 59 5.186440677966102
SOWKBNB12A582A2325 1243 176 7.0625
SOZPMJT12AAF3B40D1 2096 199 10.532663316582914
SOARFGZ12AB017AFCD 1017 209 4.866028708133971
SOAVHPR12A8C131F22 350 57 6.140350877192983
SOBEZLE12A6D4F7D0A 551 101 5.455445544554456
SOBFUOC12A81C2176B 183 51 3.588235294117647
SOGJAVV12AB018A20D 166 44 3.772727272727273
SONHLJN12A81C2169B 3122 538 5.802973977695167
SONSHLY12A6701EB77 770 203 3.793103448275862
SONZSJY12A6D4FE023 222 50 4.44
SOPWCWP12A8C139FC6 677 96 7.052083333333333
SOVIZNF12AF72A710A 11994 2181 5.499312242090784
SOXGJVQ12A58A789A3 470 102 4.607843137254902
SOYYJMW12A6D4F8636 2041 549 3.7176684881602915
SOAMKOV12A81C21C44 1719 394 4.362944162436548
SOARAHC12A670206D2 278 60 4.633333333333334
SOHBDII12AC4689F9F 699 150 4.66
SOIGFML12AB017F3C7 862 171 5.04093567251462
SOJJMWV12A67AE0ACB 383 96 3.9895833333333335
SOJLKYA12A58A7AB67 999 248 4.028225806451613
SOLTAEJ12A8C13F793 984 145 6.786206896551724
SOMGKBY12A8C133C03 425 104 4.086538461538462
SOXSTRR12AB018DB42 380 82 4.634146341463414
SOYZLWW12AB0186148 1796 377 4.76392572944297
SOZGFID12A6D4FBA25 743 123 6.040650406504065
SOZVILY12AB01855ED 195 48 4.0625
SODBYLL12A6D4FCE13 230 50 4.6
SODLHAW12A8C135102 526 113 4.654867256637168
SOJTDUS12A6D4FBF0E 2024 323 6.266253869969041
SOQBUFQ12A6D4F7F4C 1603 114 14.06140350877193
SORENUH12AB0180C8D 490 103 4.757281553398058
SORFHOZ12A6701E129 834 116 7.189655172413793
SOTIXTZ12AF72A39AC 730 197 3.7055837563451774
SOVFPGO12AF72A048E 246 67 3.671641791044776
SOYSITI12AB018B67B 1771 324 5.466049382716049
SOZJLPL12A6BD506BB 263 58 4.5344827586206895
SOBRGFI12AB0183C36 293 67 4.373134328358209
SODDFIK12A6D4F8A7F 585 149 3.9261744966442955
SOGROWN12A6701C2EB 176 54 3.259259259259259
SOICNKW12A8AE45B47 552 126 4.380952380952381
SOJVYIK12A67ADBACE 452 105 4.304761904761905
SOLCKBV12A8C13CEC1 704 134 5.253731343283582
SOQKGDF12A6310E8F6 748 165 4.533333333333333
SORUQQW12A6D4F851B 570 89 6.404494382022472
SORVQLB12A8C131523 287 49 5.857142857142857
SOSMWMA12A6D4F7243 509 91 5.593406593406593
SOXBORF12A8C143DA8 201 52 3.8653846153846154
SOGKPAS12A6D4F9907 96 27 3.5555555555555554
SOIPBJM12A6D4F9996 275 37 7.4324324324324325
SOKATHB12A58A7C8EF 188 60 3.1333333333333333
SOPCDUY12AB01867B2 210 52 4.038461538461538
SOQXOWD12A6D4F957E 239 35 6.828571428571428
SOSFIVZ12AB018E2D5 174 37 4.702702702702703
SOXQZEU12A8C1429EA 173 42 4.119047619047619
SOYCNON12A6D4F78EA 221 57 3.8771929824561404
SOBMKJU12A6D4F7128 2959 465 6.363440860215054
SOCMLHI12A8C13A878 176 48 3.6666666666666665
SOFBKCH12A6D4F87D4 276 52 5.3076923076923075
SONJQNM12AC468D243 435 79 5.506329113924051
SOOAIAM12A58A7C3D2 157 44 3.5681818181818183
SOTADYG12AB0187A72 180 39 4.615384615384615
SOUDLVN12AAFF43658 21600 4650 4.645161290322581
SOXTMXQ12A8C135A5D 293 57 5.140350877192983
SOXWTDX12A6701E141 730 187 3.9037433155080214
SOYXZGI12AB0180460 563 50 11.26
SOZCDWG12A6D4F81E1 17430 4279 4.073381631222248
SOBGCCI12A6D4F8411 832 170 4.894117647058824
SOEIJIX12A6D4FAF6E 2711 456 5.9451754385964914
SOIAIVS12A8C137973 920 145 6.344827586206897
SOJLXFI12A6D4FD349 512 90 5.688888888888889
SOJQDYQ12AF72A30E5 284 87 3.264367816091954
SOLEITP12A67AE13EE 953 165 5.775757575757575
SONOMFQ12A8C132AE3 410 77 5.324675324675325
SOTFSSW12A6D4FAF50 152 37 4.108108108108108
SOUGYSM12AAF3B244C 205 71 2.887323943661972
SOVMWUC12A8C13750B 1712 328 5.219512195121951
SOZOQBO12A679C804F 313 63 4.968253968253968
SOEICOX12A58A7AB35 1610 328 4.908536585365853
SOGLBFO12A8C13F6BE 333 77 4.324675324675325
SOHTKMO12AB01843B0 36018 7305 4.9305954825462015
SOHXVOJ12A58A7CF0B 756 141 5.361702127659575
SOJQZEA12AB017D6C6 356 79 4.506329113924051
SONWWPR12A6D4FB657 916 175 5.234285714285714
SOOXQEJ12AB0188883 669 169 3.9585798816568047
SOPTPWD12A6D4FBD4E 2576 489 5.267893660531698
SOSMEYT12A6D4FE1CE 703 120 5.858333333333333
SOZQRSR12A6701E2F7 1323 281 4.708185053380783
SOBLLDC12A81C213DF 247 72 3.4305555555555554
SODXXYB12AB0189FA6 732 104 7.038461538461538
SOGRKQK12A6310E81A 260 55 4.7272727272727275
SOMBHWZ12A58A7D10C 563 86 6.546511627906977
SOOQJRQ12AB017B84B 267 71 3.76056338028169
SOTVXKF12A6D4FA184 507 136 3.7279411764705883
SOULLOA12A6701FC56 2315 397 5.831234256926952
SOWOQPD12A8C136EF6 410 75 5.466666666666667
SOWYMBO12A8C13CAEF 50 20 2.5
SOBXRNA12AB01892D6 193 53 3.641509433962264
SODQMDJ12A6D4FCD75 1259 285 4.417543859649123
SOGYKVS12A67020EDD 1446 294 4.918367346938775
SOJMYEY12A6D4FB3EB 1417 242 5.855371900826446
SOKLBIB12AB018273D 287 85 3.376470588235294
SOKLSCP12AB0187D4D 149 47 3.1702127659574466
SOMQMFR12A8C137B1F 229 46 4.978260869565218
SOPBFHP12A8C131F30 5006 695 7.202877697841727
SOPUFLQ12A8C13B1A1 667 130 5.130769230769231
SOXCCPU12A58A7BF1E 2421 381 6.354330708661418
SOBRUVP12A6D4F9649 479 100 4.79
SOHZPHA12A8C13701F 796 176 4.5227272727272725
SOJOZGX12A58A79AEC 128 57 2.245614035087719
SOMNXKM12AB01838BB 239 59 4.0508474576271185
SOMUOHU12A6310F273 885 190 4.657894736842105
SONWEHY12A58A796B5 1241 214 5.799065420560748
SOQNZPF12AB01871CD 902 138 6.536231884057971
SORLCEE12A6D4F86AE 651 176 3.6988636363636362
SOASBIM12A58A7B2DB 1015 226 4.491150442477876
SOBCJST12A6D4F817C 186 46 4.043478260869565
SOESALW12A6D4F7BBD 469 107 4.383177570093458
SOEYGIR12A6701DC1E 609 137 4.445255474452555
SOHUGUY12A6D4F859C 533 133 4.007518796992481
SOJVZHE12B0B8065FC 309 76 4.065789473684211
SOJWZFH12A6D4F9B3E 399 63 6.333333333333333
SOOALAI12AF72AA613 155 44 3.522727272727273
SOOOXUM12AC4689723 464 102 4.549019607843137
SOPZBVQ12AF72A21E6 2070 332 6.234939759036145
SORGBIT12A6D4F7AC5 542 113 4.79646017699115
SORXEUZ12AC3DF6E3F 1087 243 4.473251028806584
SOWVEAF12A81C2242D 1442 253 5.699604743083004
SOBJDRT12A670205F8 634 183 3.4644808743169397
SOCXKUT12A8C141AC0 390 81 4.814814814814815
SOGRGJO12A6D4F700E 1488 243 6.1234567901234565
SOKCXXE12A6D4F5A04 3105 464 6.691810344827586
SOLRZLK12AF72A3F6C 2640 462 5.714285714285714
SONFNZX12AB0185B5B 2270 377 6.021220159151194
SONHFZT12A6D4FAC47 353 91 3.879120879120879
SOQTTKJ12A6D4F9060 2502 538 4.650557620817844
SORTFPF12A81C2171A 1509 224 6.736607142857143
SOXHHAO12A8C139833 868 267 3.250936329588015
SOYBJDB12A58A7C928 563 118 4.771186440677966
SOBOMOX12AB017F9CF 471 82 5.7439024390243905
SOCJMUY12A58A7BCBF 171 26 6.576923076923077
SOEYBIN12AB018CD98 522 139 3.7553956834532376
SOHKVSH12AC9097408 592 64 9.25
SOMWFQP12A8C142DE3 270 71 3.8028169014084505
SOOOZNM12A58A7B7E9 1123 153 7.339869281045751
SORBGAS12A6D4F89DC 1880 312 6.0256410256410255
SOSJJWM12A6D4FB45C 773 94 8.22340425531915
SOVDBZF12A6D4FC00D 392 78 5.0256410256410255
SOXDHSF12A6BD4D3BD 482 99 4.8686868686868685
SOYFNQM12A8C14264B 1393 291 4.786941580756014
SOZTYFG12A6D4F946B 967 181 5.342541436464089
SOIBSTB12A8C1322FC 180 50 3.6
SOISHJN12A8C144301 1172 178 6.584269662921348
SOKNSJY12A8AE46E32 524 119 4.4033613445378155
SOQKDCK12A6D4FB6A9 168 34 4.9411764705882355
SOWDNGO12A6D4F94D6 250 64 3.90625
SOWQRCR12A8C135EB5 302 112 2.6964285714285716
SOAIVCH12AC468AAB1 639 163 3.920245398773006
SODIAVI12A8C1408FA 255 63 4.0476190476190474
SOLDJLX12A6D4F9A78 2320 502 4.621513944223108
SOMVQNP12A67ADE496 562 112 5.017857142857143
SONFZNP12A8C144A75 259 67 3.8656716417910446
SOWQXHG12AB0189D1A 2451 528 4.642045454545454
SOBLLXY12A8C140136 848 184 4.608695652173913
SOFLOUP12A58A78897 562 167 3.3652694610778444
SOIHGNU12A58A7AFD7 1188 282 4.212765957446808
SOPBLAH12A8AE48F91 824 199 4.14070351758794
SOSAFRM12AF72A9768 261 42 6.214285714285714
SOSGBJB12A6D4FCDEC 3053 566 5.393992932862191
SOZJOYL12A6D4FC787 442 111 3.981981981981982
SOBYPMR12A6D4F84A2 600 91 6.593406593406593
SOFJNDP12A8C13AD02 360 87 4.137931034482759
SOGBFOO12A6D4FC933 1814 392 4.627551020408164
SOGOKKJ12AC4688B64 702 169 4.153846153846154
SOJKUXS12AB01877BE 273 61 4.475409836065574
SOKDPNE12A8AE45E09 477 61 7.819672131147541
SOMORYX12B0B80908A 2044 539 3.792207792207792
SOOHYKG12A8C13FEE3 237 67 3.537313432835821
SOPSAIO12A58A7AE45 340 60 5.666666666666667
SOQCMZT12A8C13EB7B 880 121 7.2727272727272725
SOQWNHU12A8C135F71 231 64 3.609375
SOSKOUY12A58A7C860 709 188 3.771276595744681
SOAVAQE12AB017E3C2 639 101 6.326732673267327
SOCNAXF12A6D4F9B34 8851 2229 3.9708389412292506
SOCOIIG12A58A7D151 587 173 3.393063583815029
SOELRWA12A8C142D0A 2197 248 8.858870967741936
SOIQHFN12A8C1417E8 187 45 4.155555555555556
SOOMEMR12A58A78159 434 72 6.027777777777778
SOTXXBT12A6D4F6B25 651 205 3.175609756097561
SOUUKAZ12A8C137589 250 56 4.464285714285714
SOVRMZU12AB017FE90 1543 412 3.745145631067961
SOWGCMN12A8C136E44 5184 1771 2.927159796725014
SOYTEAE12A58A7C1F4 226 59 3.830508474576271
SODRVTG12A8AE46169 516 101 5.108910891089109
SOINHRP12A8C1401FF 801 106 7.556603773584905
SOITMVZ12A6D4F9A9B 1011 193 5.238341968911917
SOJYNZE12AF72AC894 1014 125 8.112
SOLWVCL12A6D4FCA54 221 71 3.112676056338028
SOLZTYD12A8C143215 805 215 3.744186046511628
SOMTKKX12A8C13DB85 419 83 5.048192771084337
SONYVJQ12A8C13DB65 1231 182 6.763736263736264
SOQBMFK12A8C13835B 3037 955 3.1801047120418846
SORJHQQ12A8C12FD98 460 95 4.842105263157895
SOSGEGU12AB018188A 2241 361 6.207756232686981
SOSNSKM12A8C1382A1 1597 250 6.388
SOUAGPQ12A8AE47B3A 317 71 4.464788732394366
SOWQRTM12A8C1422D4 405 103 3.9320388349514563
SOXMOBC12A679AE570 378 62 6.096774193548387
SOADVCV12A8C13F15B 425 122 3.4836065573770494
SOAVFLR12A8C138576 3037 635 4.782677165354331
SOCBRSN12AAF3B30A6 375 82 4.573170731707317
SOCZDBN12A6701E4BA 422 90 4.688888888888889
SOFXLRM12A8C138802 360 77 4.675324675324675
SOIKDCZ12A67ADD8DB 447 97 4.608247422680412
SOLVSQX12A8C135078 389 127 3.062992125984252
SORMLRN12A8C1323C7 753 108 6.972222222222222
SOZEBAZ12AF72A80C8 9158 1640 5.5841463414634145
SOAIVIZ12AB017D684 228 44 5.181818181818182
SOBBZPM12AB017DF4B 466 112 4.160714285714286
SOGOFTS12AB018CF75 298 102 2.9215686274509802
SOGPLBE12A58A80442 339 87 3.896551724137931
SOIBMQT12AB0181395 651 105 6.2
SOIOEON12A6D4F92D7 154 61 2.5245901639344264
SOIUREE12AB01846ED 250 44 5.681818181818182
SOJZSWQ12A8C13BD47 1115 163 6.840490797546012
SOKNZYY12AF72A82A2 991 231 4.29004329004329
SOLLOOL12AB017CE1E 756 161 4.695652173913044
SONKCBC12A8C136B1F 264 90 2.933333333333333
SOOBNPH12A6D4F85A0 889 212 4.193396226415095
SOOSCPN12AB0186AF2 2273 541 4.2014787430683915
SOPFVFY12A8C13CAD3 347 43 8.069767441860465
SOQKSAJ12A58A7B982 564 97 5.814432989690721
SOROSRY12A6D4F7B64 351 86 4.0813953488372094
SOSVAUK12A6D4F5FCB 536 123 4.357723577235772
SOBYAHM12AB017DA3D 714 115 6.208695652173913
SOEAIVD12B34F33062 976 204 4.784313725490196
SOGZOIP12A6D4FB934 2506 580 4.320689655172414
SOLNCTS12A8C1405EF 372 103 3.6116504854368934
SONKOVP12AF72AC991 190 63 3.015873015873016
SOWDVQT12AB017B454 558 122 4.573770491803279
SOEPKNW12A58A7CA15 477 81 5.888888888888889
SOHDKAD12A58A7A8EC 617 165 3.7393939393939393
SOPJGOG12A6D4F8329 121 36 3.361111111111111
SOQAXMJ12A8AE4673D 947 157 6.031847133757962
SORMKFZ12A6D4F9395 2039 399 5.110275689223058
SOSFVDJ12AB017D672 422 106 3.981132075471698
SOCELOG12A6D4FC1E5 376 131 2.8702290076335877
SOIXOQP12A8C137B16 197 52 3.7884615384615383
SOKUWEX12AB0188EF4 161 62 2.596774193548387
SOMESIV12A6D4FC6F2 2571 605 4.249586776859504
SOOMGKX12AB01856FF 220 55 4.0
SORHRZK12AB018187A 1074 309 3.4757281553398056
SOSJNOO12A6D4FA13A 261 65 4.015384615384615
SOTHFNO12A8AE4789B 114 29 3.9310344827586206
SOYMRKJ12A6D4F97B5 316 67 4.7164179104477615
SOYTDBL12A6D4F8148 3023 664 4.552710843373494
SOZQDYJ12AC468D9B4 583 72 8.097222222222221
SODGTHG12AB017F730 1372 393 3.491094147582697
SOEBPUD12A6701C527 185 57 3.245614035087719
SOEDJCJ12A8C138692 233 40 5.825
SOFCHHK12A8C13916C 498 87 5.724137931034483
SOGNFSN12A679D8AFB 221 67 3.298507462686567
SOGUQKI12A8C141C1D 759 146 5.198630136986301
SOLHNZY12A6D4FBCB5 273 68 4.014705882352941
SOMJWIV12AC468A5A0 1532 222 6.900900900900901
SONENIO12AB017DBDC 2152 481 4.474012474012474
SOPOEUK12AB017F93A 212 48 4.416666666666667
SORZHWG12A8C13A550 143 34 4.205882352941177
SOUDPEM12A6D4FBE64 80 26 3.076923076923077
SOBHHZZ12A58A78D6B 398 55 7.236363636363636
SOBIIIR12A8C14208A 226 75 3.013333333333333
SOGHDIA12A6D4F7C96 512 132 3.878787878787879
SOJHOKO12A6D4F5C7B 458 113 4.053097345132743
SOMXCTC12A8AE482F6 305 67 4.552238805970149
SOQPGDF12AB01858C5 2564 482 5.319502074688796
SOVJPAR12AB018D58F 571 140 4.078571428571428
SOYXAUC12A8AE453A0 606 116 5.224137931034483
SOZLMOQ12A8AE46310 221 33 6.696969696969697
SOEVGLT12A6D4F7A4E 977 217 4.502304147465438
SOEXGZW12A8C13B649 692 143 4.839160839160839
SOJCSLE12A58291C6B 664 137 4.846715328467154
SOOVYHV12A8C138EF1 387 79 4.89873417721519
SOPGCXT12A8C138AD1 747 193 3.8704663212435233
SORZZVR12A8135582B 355 65 5.461538461538462
SOVLHHP12AB0185C4A 93 19 4.894736842105263
SOWHRON12A8C1438D4 672 132 5.090909090909091
SOWZUEB12A8C12FF12 1064 147 7.238095238095238
SOXOBFN12A58A788BD 469 110 4.263636363636364
SOBJJFZ12A58A791E4 383 70 5.4714285714285715
SOGKNQF12AB017FD67 288 91 3.1648351648351647
SOHSCKX12AB01810A3 181 34 5.323529411764706
SOKOEJK12A6701CCA2 850 132 6.4393939393939394
SOLANDE12AB0182662 300 71 4.225352112676056
SONDKOF12A6D4F7D70 6717 708 9.48728813559322
SONVQER12AB0186D60 327 91 3.5934065934065935
SOOAYRA12A8C13C8BE 438 61 7.180327868852459
SOUJXJM12A81C235DA 293 89 3.292134831460674
SOUQSSI12AF72A5691 677 115 5.886956521739131
SOWVBKZ12A6701E2F1 800 123 6.504065040650406
SOAMNGZ12A6D4F8702 347 84 4.130952380952381
SODCOKD12A8C138E59 829 143 5.7972027972027975
SODSZYO12AB018BDD7 180 50 3.6
SOEEQAM12AB0182813 184 42 4.380952380952381
SOHMAQH12A8C140D58 195 60 3.25
SONYELH12AF72A2C15 865 183 4.726775956284153
SOOSQQF12AB01868EA 236 68 3.4705882352941178
SOSCCPA12A6D4F882B 169 35 4.828571428571428
SOTOZJS12A8C13BDC3 565 114 4.956140350877193
SOTTCJX12AB017E2A0 135 41 3.292682926829268
SOUFABE12A6701CFFF 316 93 3.3978494623655915
SOAKDLX12A67ADAFC5 204 41 4.975609756097561
SOBFXFN12AB017DBCE 252 67 3.7611940298507465
SOBUHQI12A6D4F7195 1187 193 6.150259067357513
SOHWXEU12A8C1320D1 2661 596 4.464765100671141
SONQTMK12AB01819D8 212 49 4.326530612244898
SOOICOR12A6D4FC106 136 37 3.675675675675676
SOSJRJP12A6D4F826F 18787 4327 4.34180725675988
SOYRFUE12AB0183E5C 698 170 4.105882352941176
SOBCKIM12A8C13936C 1314 215 6.111627906976744
SOCTQGP12A58A7816A 106 35 3.0285714285714285
SOEHHRY12A6D4F894C 195 34 5.735294117647059
SOFVZXF12AB017D6D8 1057 216 4.893518518518518
SOKKYFO12A6D4F7B7C 193 49 3.938775510204082
SOKTUPR12A8C141FF4 130 37 3.5135135135135136
SOOIFGE12A8C13120E 121 39 3.1025641025641026
SOSQJWM12A6D4F79E0 2554 389 6.565552699228792
SOSSFAK12A8C1433B7 1702 281 6.056939501779359
SOZHBRQ12A6D4F7D2E 905 193 4.689119170984456
SOAIPQE12A8C131E2C 213 69 3.0869565217391304
SOAOBWU12A8C146B06 1136 233 4.875536480686695
SODBMNH12A6D4F681A 302 81 3.728395061728395
SOIKHNZ12A8AE44929 307 66 4.651515151515151
SOIMTII12A6D4F662A 3649 385 9.477922077922077
SOINXEO12A6D4F9969 157 41 3.8292682926829267
SOKAESA12A8C1410A1 1355 247 5.48582995951417
SOLCCSB12A6D4F6CD3 680 192 3.5416666666666665
SOMORZH12AB0180241 231 52 4.4423076923076925
SORHFLF12A6D4F7429 466 134 3.4776119402985075
SOVPSKL12A670206B9 3233 615 5.256910569105691
SOADELR12AB0181A6D 972 170 5.7176470588235295
SODWFXL12A6D4FB509 1339 177 7.564971751412429
SOFNAEW12A58A7C17C 575 57 10.087719298245615
SOFWKCI12A8C13A22A 1291 145 8.903448275862068
SOIBUMK12A8C1440AA 165 53 3.1132075471698113
SOIYGXO12A679D7E64 477 144 3.3125
SOJPCXA12A8C132086 598 128 4.671875
SOUSTYL12A58A7FD4A 673 120 5.608333333333333
SOBRYBV12A58A7D451 585 163 3.588957055214724
SODFCYY12A58A78381 436 96 4.541666666666667
SOGACYC12A8C13C528 1091 197 5.538071065989848
SOKNSSQ12A58A7B427 254 80 3.175
SONWUZV12AB0180BAD 4048 833 4.859543817527011
SOQOFNB12A8C137036 552 149 3.704697986577181
SOWMMQE12AB0182FF7 2024 289 7.003460207612457
SOALROV12A6D4F91F9 308 76 4.052631578947368
SOIYFHI12A8C13BA1E 163 52 3.1346153846153846
SOMGVYU12A8C1314FF 27523 5584 4.928904011461318
SONKMPP12A6701DDBF 1190 204 5.833333333333333
SOOVJIX12A6D4F8B6B 622 128 4.859375
SOQCGHN12AB0181246 16364 4201 3.895263032611283
SORGUXA12A8C132587 121 29 4.172413793103448
SOTFAUY12AB017D5D9 733 173 4.236994219653179
SOUOMDR12A8AE48E95 165 40 4.125
SOAJFTU12A6701E0A3 1029 181 5.685082872928176
SOLPVAQ12AB017EB35 3106 553 5.616636528028933
SOMJRGK12AF72A298B 447 70 6.385714285714286
SOOHERZ12A8C13EFA7 520 68 7.647058823529412
SORXLCB12A67020B3C 336 85 3.9529411764705884
SOSYZCF12AB0181117 166 40 4.15
SOXDFVJ12A6D4FD18A 1312 306 4.287581699346405
SOBEGUS12A8C13B9F1 179 52 3.4423076923076925
SOCJXRD12AB0189B2D 476 94 5.0638297872340425
SOFKSOJ12A67020919 1128 177 6.372881355932203
SOOFYTN12A6D4F9B35 40834 7694 5.307252404471017
SOPUUCJ12A8AE46447 248 81 3.0617283950617282
SOWKXHF12AB018C1A4 358 73 4.904109589041096
SOAKPMX12AB018193B 1586 280 5.664285714285715
SOAOAWR12A58A7B7BE 1646 266 6.18796992481203
SODLXUO12A8C1335B2 1567 318 4.927672955974843
SOESAES12A8C139A7B 110 46 2.391304347826087
SOLJOJD12AB0182697 260 75 3.466666666666667
SOOJVLM12A6D4F6DE7 609 110 5.536363636363636
SORWUQX12A8C136740 245 64 3.828125
SOYCHDB12A8C13F2C8 1091 269 4.055762081784387
SODNFSS12A58A7C9E6 587 109 5.385321100917431
SOHIGPZ12A8AE477C0 489 105 4.6571428571428575
SOKMIII12A6701D9E1 554 167 3.317365269461078
SOLKLFA12AB01872EB 142 43 3.302325581395349
SOLSZHA12AB0186BB4 184 51 3.607843137254902
SOQYQJO12A58A7EBC8 242 49 4.938775510204081
SOSGVZM12A8C13A959 538 102 5.2745098039215685
SOTZCDY12A6D4F6209 494 137 3.605839416058394
SOUETFZ12A6D4F97B6 961 180 5.338888888888889
SOWJSLK12A6D4F94B9 466 121 3.8512396694214877
SOXQWUS12A58A7B236 2398 441 5.437641723356009
SOYASKG12AF72A32E0 1417 325 4.36
SOBANHD12A58A7BB7C 304 81 3.753086419753086
SOEHZUQ12A3F1EBC10 1410 344 4.098837209302325
SOJXEHN12A6D4F84CC 1029 213 4.830985915492958
SOSCPOI12A8C139F02 1233 359 3.434540389972145
SOSRIAK12AAF3B382F 716 155 4.619354838709677
SOSWXHN12AB017B6ED 1872 414 4.521739130434782
SOYYNLA12A67AE0C7B 199 47 4.23404255319149
SODEGIQ12A6D4FC6E3 3812 682 5.589442815249267
SOFONYJ12AB017D95E 1301 276 4.713768115942029
SOFZLBO12A6D4F6E23 622 114 5.456140350877193
SOHKLJL12A58A7BD95 670 121 5.537190082644628
SOLVMWK12A6D4F9859 781 131 5.961832061068702
SOMOBBZ12A8C144831 377 96 3.9270833333333335
SONQXDI12AB0186CD4 388 48 8.083333333333334
SOOEQXL12AAF3B4D73 486 62 7.838709677419355
SOOLKSV12AAA8C6B2A 1875 447 4.194630872483222
SOPWUCY12A8C13932E 490 95 5.157894736842105
SOWRQYD12AF729FD3A 227 61 3.721311475409836
SOZLFRB12A58A7D70D 413 94 4.3936170212765955
SOZWAUH12A6D4FA8C6 218 64 3.40625
SOEVYRW12A58A7B5D6 194 41 4.7317073170731705
SOFJMQW12AF72AA3D7 703 185 3.8
SOHHNMV12A67ADBADD 620 145 4.275862068965517
SOODZZZ12A6D4F7567 1756 323 5.436532507739938
SOTFEIP12AB017ACB0 419 76 5.5131578947368425
SOTISBX12AB018942A 253 49 5.163265306122449
SOZHMHC12A58A79766 312 57 5.473684210526316
SOAOSDF12A58A779F1 12760 522 24.444444444444443
SOBDDJN12A6D4F698F 405 83 4.879518072289157
SOCSXKQ12A6D4F95A0 1035 118 8.771186440677965
SODAMJP12AB0189CA1 273 61 4.475409836065574
SODTEYX12AB017CB1D 458 88 5.204545454545454
SOOHNBB12A6D4F74F8 937 165 5.678787878787879
SOSLDJP12A8C13AF4D 820 222 3.6936936936936937
SOYAYDZ12AB018EC44 181 67 2.701492537313433
SOZJEAW12A58A761DB 244 85 2.8705882352941177
SOZJUFU12A8C143A9E 215 45 4.777777777777778
SOCBMYZ12A8C14511D 208 49 4.244897959183674
SOJFLUT12A6D4F9273 810 223 3.632286995515695
SOQJHUW12AB0188A24 3235 703 4.601706970128022
SORJSQI12A6701D62D 265 62 4.274193548387097
SOVAGPG12AB0189963 3194 391 8.168797953964194
SOVAJLY12A6D4FDC72 2127 357 5.957983193277311
SOZXTAI12A8C134DE1 531 118 4.5
SOECLLT12AB01803E2 997 168 5.934523809523809
SOJHZAX12AB017E5D2 629 74 8.5
SOKJKUJ12AF72A3618 1130 253 4.466403162055336
SOMCMKG12A8C1347BF 15397 3838 4.011724856696196
SOMIKKB12AB01890D0 356 85 4.188235294117647
SONUEUK12A6D4FB436 674 154 4.376623376623376
SOSXPEQ12AB0180E9E 328 84 3.9047619047619047
SOTFGYM12AB0187367 924 126 7.333333333333333
SOYNXJC12AB0181A9D 470 81 5.802469135802469
SOFMCWD12AB018955E 416 75 5.546666666666667
SOFWEUH12A6702113A 767 163 4.705521472392638
SOKBOOY12A58A7BE8C 622 165 3.7696969696969695
SOMNMDQ12A6D4F86F2 389 66 5.893939393939394
SOOZDLG12A58A81A7B 284 67 4.2388059701492535
SOTFKYU12A6D4FC201 205 53 3.8679245283018866
SOWSOAZ12A8C13172A 149 31 4.806451612903226
SOYKKZP12A6D4F78D0 1638 385 4.254545454545455
SOZQSVB12A8C13C271 940 236 3.983050847457627
SORCVNA12AB01873F8 389 99 3.9292929292929295
SOUCEFH12AB018413A 878 196 4.479591836734694
SOUFSLW12A6D4F94D9 229 80 2.8625
SOVNPBK12A6D4F6A67 577 79 7.30379746835443
SOWSPIK12A6D4FC0FF 288 76 3.789473684210526
SOBLBER12A6D4FCAEE 293 102 2.872549019607843
SOEROKT12AF72A911A 256 62 4.129032258064516
SOITBQY12A58A77CC4 943 242 3.896694214876033
SOMRCJE12B0B80BB69 509 99 5.141414141414141
SONQCXC12A6D4F6A37 23793 5653 4.208915620024766
SORRYYS12A6D4FD224 455 112 4.0625
SOAMCDB12A8C132486 281 61 4.60655737704918
SOCKPSR12A8C136FC8 509 102 4.990196078431373
SOEHSWI12A8C14497A 356 80 4.45
SOFCVTY12AF72A493B 471 147 3.204081632653061
SOGOFNM12A8AE460BF 340 103 3.3009708737864076
SOISKJL12A6D4F8494 352 48 7.333333333333333
SOKVJAF12A8C142B25 235 60 3.9166666666666665
SOLAHOU12A8C132B5B 323 78 4.141025641025641
SOLGPOU12A58A7EA20 18397 4407 4.174495121397777
SONPWAK12AB0181210 486 124 3.9193548387096775
SONXUQR12AB0186C9F 1362 162 8.407407407407407
SOPUDWU12A8AE4612A 2003 444 4.511261261261262
SORJBJB12A8C13E711 3261 644 5.063664596273292
SORONWE12AB0188FB3 1497 309 4.844660194174757
SORROHK12AB018F652 132 37 3.5675675675675675
SOTNHIP12AB0183131 3976 976 4.073770491803279
SOUGBOB12AB01807CC 220 62 3.5483870967741935
SOURVKJ12AB0189EF3 516 88 5.863636363636363
SOWCUCK12AB0182AD1 422 103 4.097087378640777
SOWETIS12A8C139524 299 74 4.04054054054054
SONWWJP12AC468B371 405 81 5.0
SOQOEUU12AB017F103 254 73 3.4794520547945207
SOUFTBI12AB0183F65 41313 6916 5.97353961827646
SOUUPBB12A8C13C0D1 207 27 7.666666666666667
SOBHDZO12A6D4FD169 1106 176 6.284090909090909
SODZPSU12A67ADF620 209 48 4.354166666666667
SOGPMFZ12AB018399E 454 55 8.254545454545454
SOITKYO12A8C13B3D5 618 110 5.618181818181818
SOMPKDT12AAA8C6759 400 93 4.301075268817204
SOOUUQV12A8C140874 231 51 4.529411764705882
SOPTVBI12AB0182774 190 63 3.015873015873016
SOTBDAP12A81C200A1 467 138 3.3840579710144927
SOUFAZA12AC3DFAB20 311 91 3.4175824175824174
SOVARSD12AB017F3AF 256 49 5.224489795918367
SOVXELC12A8AE45ACD 1193 265 4.50188679245283
SOZFTWM12A6D4FB7ED 356 56 6.357142857142857
SOBYJRH12A8C141C8B 274 62 4.419354838709677
SODZAQY12A8C144546 144 43 3.3488372093023258
SOMTZYU12AB017D632 2812 363 7.746556473829201
SOPPHII12A6701F35D 570 141 4.042553191489362
SOROCIO12A67AE0E1C 477 76 6.276315789473684
SOSOIFC12A58A7A362 2016 306 6.588235294117647
SOVRQJC12AB0187D08 241 62 3.8870967741935485
SOXOHUM12A67ADC826 248 78 3.1794871794871793
SOXTEEV12AB0184633 205 59 3.4745762711864407
SOYIVCZ12AB018336B 867 159 5.452830188679245
SOZSWRJ12A6D4FC3AB 805 256 3.14453125
SOAFPSO12AF72A4521 787 133 5.917293233082707
SODBVGA12A6BD4D3C0 798 69 11.565217391304348
SODPERN12A8C142D04 404 104 3.8846153846153846
SOFOAHE12A6D4F66C5 289 80 3.6125
SOKWSJO12A58A79BC3 217 81 2.6790123456790123
SOLGNBX12AF72A7737 2195 440 4.988636363636363
SOQQQQR12A6D4F654D 734 177 4.146892655367232
SOXRKDK12AB018AA60 215 59 3.6440677966101696
SOYCTSV12A6D4FB43C 425 161 2.639751552795031
SOZQLLE12A6D4F7170 1450 369 3.9295392953929538
SOAPBSH12A58A80492 422 98 4.3061224489795915
SOBPRZE12A8C1313CC 1127 291 3.872852233676976
SOGKGVR12A6D4F803D 610 140 4.357142857142857
SOITBKC12A58A7C01F 639 141 4.531914893617022
SOJFRSI12A8C137579 416 109 3.81651376146789
SOJSQYL12A81C23901 1531 291 5.261168384879725
SOLLNRI12AB0187563 358 98 3.6530612244897958
SOLRRYI12A8C13A769 340 42 8.095238095238095
SOMZHIH12A8AE45D00 602 136 4.426470588235294
SOOSVUB12A8C13B13F 800 198 4.040404040404041
SORGUOB12A8C13E30A 877 186 4.71505376344086
SORQVOE12A6D4F5742 417 109 3.8256880733944953
SOYIIBR12A58A7BADD 767 129 5.945736434108527
SOYTKDP12A6D223C06 259 49 5.285714285714286
SOCKAEI12A8C1422C8 311 83 3.746987951807229
SOEIMLA12A8C13D34F 354 98 3.6122448979591835
SOFRZZT12A8C1351E6 390 54 7.222222222222222
SOGSSMT12A8C13D3A0 235 61 3.8524590163934427
SOPZEKW12A8AE48590 517 71 7.28169014084507
SOSBVJP12A8C14059D 380 89 4.269662921348314
SOSJUAX12A58A7FD30 513 145 3.537931034482759
SOSNJIT12A8159E8DB 2414 559 4.3184257602862255
SOAFTFX12A6D4F3B78 330 71 4.647887323943662
SOBKCBP12A8AE48322 266 67 3.970149253731343
SOHEQHL12A6D4F8CC7 458 80 5.725
SOLXTXN12AB018238A 2262 495 4.569696969696969
SORRLVL12A8C13B60A 652 124 5.258064516129032
SOYZFBN12A8C134D39 1027 196 5.239795918367347
SOZHWTM12A8C14229F 304 77 3.948051948051948
SOZJLIG12A8AE47FAB 639 150 4.26
SOFSLOC12A8C13F8BD 758 198 3.8282828282828283
SOIPTOL12A8C142E2E 65 19 3.4210526315789473
SOKXVGY12A8AE4841E 269 73 3.684931506849315
SONYUDK12A58A7B7FD 640 206 3.1067961165048543
SOOZAEJ12A6BD530F2 57 17 3.3529411764705883
SORAKQP12A58A7D699 1181 197 5.99492385786802
SOBHDEW12A58A79C24 124 35 3.5428571428571427
SOCPOZL12A8C139C55 377 64 5.890625
SOCZKDZ12A8C13D024 631 106 5.952830188679245
SODCNJX12A6D4F93CB 20229 4872 4.152093596059113
SOEHHJG12A6D4F968A 2397 402 5.962686567164179
SOHETNQ12A6D4F848A 490 98 5.0
SOKWXIW12AF72A9170 239 64 3.734375
SONTHCA12AB01850DA 449 87 5.160919540229885
SORUMUS12A6701E751 986 240 4.108333333333333
SOSVQSF12A6D4F81A0 193 54 3.574074074074074
SOXMZYS12AB018349B 178 25 7.12
SOYKUYC12AB017F2C2 522 67 7.791044776119403
SOZSOMC12A6D4FA35A 557 123 4.528455284552845
SOBABRB12A6701DF4B 12661 3140 4.032165605095542
SOBGJBA12A6D227291 119 54 2.2037037037037037
SOBGMWV12A58A7AAD1 272 66 4.121212121212121
SOBYXAH12AB01884D9 464 109 4.256880733944954
SOJXIDI12A6D4F4444 232 53 4.377358490566038
SOLCYYH12A8C13C486 513 79 6.493670886075949
SOOMNGN12A6D4FA4BF 284 64 4.4375
SOPPFCE12AC4687FEB 252 63 4.0
SOSLPTU12A8C1445D7 314 78 4.0256410256410255
SOAIOFW12A8C13FAC0 1060 333 3.1831831831831834
SOCRCNK12A8C133AA7 1836 465 3.9483870967741934
SODNDDS12AB017F3D1 542 127 4.267716535433071
SOETFVO12AB018DFF3 1272 283 4.4946996466431095
SOFUYDQ12A8C142495 173 48 3.6041666666666665
SOGOKSF12A8C13375F 127 43 2.953488372093023
SOIBBRA12A8C13BA94 659 183 3.601092896174863
SOJVGOQ12AC90979E8 461 90 5.122222222222222
SOKAFAF12A81C22FA7 1475 427 3.4543325526932085
SONGBWJ12A58A7AB4D 1095 112 9.776785714285714
SOSKXVY12AB0189453 113 30 3.7666666666666666
SOUIVNJ12AB0183D5C 452 97 4.65979381443299
SOZYCBS12A8C13FE2C 139 42 3.3095238095238093
SOCXSOJ12A8C140A90 256 93 2.752688172043011
SODDEKX12B0B80BC90 303 69 4.391304347826087
SODXEJS12A6310F18D 532 51 10.431372549019608
SOFWEPP12AB01890A2 1415 322 4.394409937888199
SOKPCTW12A6D4F794C 225 58 3.8793103448275863
SOMRWQY12AB018760C 840 215 3.9069767441860463
SOMUCFP12A6701F28E 1378 269 5.122676579925651
SOTOJEN12A8C13D853 922 172 5.3604651162790695
SOWMBCE12A58A7B377 1839 417 4.410071942446043
SOYAIPB12A8C143D84 3837 1000 3.837
SOALVOP12A6D4F5DA1 566 115 4.921739130434783
SODBSUF12A8C141975 1539 218 7.059633027522936
SODWXJW12AAA8C5C29 10183 2041 4.98922097011269
SOFZLFC12AB01858EB 244 79 3.088607594936709
SOLTBXC12A6D4F6ADB 404 98 4.122448979591836
SOMXDJA12A58A81A9F 179 53 3.3773584905660377
SOOICCO129F0824739 1283 268 4.787313432835821
SOPVATE12AB0181330 452 106 4.264150943396227
SOXYVOP12A67020716 267 73 3.6575342465753424
SOYQEXD12AB0186267 654 182 3.5934065934065935
SOYXKEN12AB018541B 304 72 4.222222222222222
SOAZVLB12A6D4FCC2D 411 110 3.7363636363636363
SOEJVTY12A81C22428 1507 256 5.88671875
SOEQXSS12AF729EE8D 251 52 4.826923076923077
SOESREH12A8C13AD63 575 69 8.333333333333334
SOIOESO12A6D4F621D 4519 867 5.2122260668973475
SOKUIWE12A8AE48F8B 1138 237 4.801687763713081
SOSBDXR12A8C13BB2A 225 59 3.8135593220338984
SOTOECK12AAA8C6BB7 2720 344 7.906976744186046
SOUWZPO12A6D4F83E3 2709 298 9.090604026845638
SOUXSRW12A8C13D867 392 65 6.030769230769231
SOWGFPG12A6D4F83E4 1054 168 6.273809523809524
SOBRHVR12A8C133F35 15979 3376 4.733116113744076
SODGXZN12A6D4FB6E9 641 117 5.478632478632479
SOGHSMH12A8C137927 1446 242 5.975206611570248
SOHALKJ12AB017FCC2 2466 553 4.459312839059675
SOHFJAQ12AB017E4AF 17876 4734 3.7760878749471907
SOIEKXV12AC3DF80E5 327 61 5.360655737704918
SOJLQHN12A8C139D6A 150 38 3.9473684210526314
SONWJTD12A81C22314 294 70 4.2
SOOQMTX12A6D4FA2C6 240 78 3.076923076923077
SOSGNJG12A8C13D599 551 102 5.401960784313726
SOTMJIE12A8C139712 143 52 2.75
SOWOVYH12A58A776C4 416 126 3.3015873015873014
SOYEQWP12A8C138125 383 65 5.892307692307693
SODHIYL12A6D4F8595 820 165 4.96969696969697
SODTTMC12A8C14602A 583 79 7.379746835443038
SOEOKNU12A8AE46AC8 268 60 4.466666666666667
SOGCJKV12A6D4F8862 251 91 2.758241758241758
SOLXSHU12A6D4F98DF 1244 267 4.659176029962547
SOMEIDU12AB0182205 1149 180 6.383333333333334
SOMZQIL12AF72A41AC 187 45 4.155555555555556
SONNEGO12A8C13AF64 263 71 3.704225352112676
SOQZQQG12A8AE48EF0 671 98 6.846938775510204
SOTBTNN12A8C13896C 415 90 4.611111111111111
SOVUFMS12AB0186822 251 59 4.254237288135593
SOYSCPE12AB0181BBF 244 45 5.4222222222222225
SOYTIYM12AB018B743 339 74 4.581081081081081
SOAMWPS12AB018462E 150 37 4.054054054054054
SOBDHRM12A6D4F749D 212 39 5.435897435897436
SOCTIAY12A58A7A37E 187 42 4.4523809523809526
SOIJBBH12A8C13E71F 785 102 7.696078431372549
SOJLWPI12A6D4F93BC 148 41 3.6097560975609757
SOJRDRA12A58A7CB8F 488 67 7.2835820895522385
SOLMNZV12A6D4F8E7D 427 82 5.2073170731707314
SOLSCKU12A6D4F48F9 883 182 4.851648351648351
SONXLUB12A67020395 320 97 3.2989690721649483
SORSUGO12A8C13E530 187 43 4.348837209302325
SOWULFH12A81C225EA 1631 274 5.952554744525547
SOYAICE12AB01806E2 135 33 4.090909090909091
SOCQOZB12AB0185685 1578 257 6.1400778210116735
SOCTEZL12A58A7AC78 301 76 3.960526315789474
SODVWOV12A6D4FB6D2 1927 424 4.544811320754717
SOEYKYT12AB0180AF4 670 136 4.926470588235294
SOHXHWB12A58A7ACD1 1308 313 4.178913738019169
SOJZYUB12A67020883 487 130 3.746153846153846
SOLMEOG12A8C142046 1044 200 5.22
SOMFVPE12AF72A2D30 271 79 3.430379746835443
SONDIKG12AB018407C 617 166 3.716867469879518
SONNXKQ12A67ADD5F2 280 62 4.516129032258065
SOSNJDE12A8C134AFB 576 129 4.465116279069767
SOSVPRW12AB018453E 401 101 3.9702970297029703
SOSXLTC12AF72A7F54 69872 9286 7.524445401679948
SOTDPPR12A6D4F6968 319 56 5.696428571428571
SOTRWMZ12A8C13CBC3 368 69 5.333333333333333
SOULWEE12A6D4FA835 919 174 5.281609195402299
SOWBALD12A8C13E42A 366 55 6.654545454545454
SOXLOQG12AF72A2D55 21375 5174 4.1312330885195205
SOBFPJC12A58A7D1AB 264 69 3.8260869565217392
SOCVOVH12A6D4FB912 740 118 6.271186440677966
SODAEAR12A6D4FA4BC 380 102 3.7254901960784315
SODFYFM12A6D4F87FD 915 136 6.727941176470588
SOFCDPR12A58A7C5C5 344 44 7.818181818181818
SOFMMUO12A8C131A75 219 60 3.65
SOHHDBB12AB01803C5 545 57 9.56140350877193
SOKUIEF12AB017DCD4 530 97 5.463917525773196
SOOIWVW12A6D4FA72B 1278 249 5.132530120481928
SOROPBL12A6D4F8F33 149 44 3.3863636363636362
SOSQIPK12A6D4F966A 584 134 4.358208955223881
SOSWIKI12A6D4FAC87 45 22 2.0454545454545454
SOWQQSX12A58A7B81D 482 74 6.513513513513513
SOIAMAG12A6701DCFC 1164 153 7.607843137254902
SOJEMUN12A8C13108B 173 32 5.40625
SOKLELE12AF72A7320 180 40 4.5
SOMEILB12AB01870CD 476 140 3.4
SOMVIOV12A6D4F719A 1719 263 6.5361216730038025
SOSXYXB12AB01807A7 358 99 3.6161616161616164
SOUELBE12A6D4F7CF7 241 62 3.8870967741935485
SOVYWTT12A8C144616 373 55 6.781818181818182
SOAHFXJ12A8C13CA07 226 54 4.185185185185185
SOBMRKB12A8AE481D0 598 146 4.095890410958904
SOBOUPA12A6D4F81F1 35172 6992 5.030320366132723
SOFONOE12A58A7C14A 461 94 4.904255319148936
SOHAYXF12AF72A4382 765 135 5.666666666666667
SOJVMMA12A67ADAE09 256 63 4.063492063492063
SONGOJV12AF729AEBD 896 152 5.894736842105263
SOYTCMK12A8C13F32F 507 189 2.6825396825396823
SOYWBDC12A8C142D90 1964 253 7.762845849802371
SOZTCEG12A58A7DC26 136 36 3.7777777777777777
